[XSize]  20
[YSize]  16

[Picture]
   28   34   28   34   28   28   28   28   28   28   28   28   28   38
   35   35   35   38   28   28   28   28   34   28   28   28   28   28
   28   28   28   28   35   35   35   38   35   35   35   28    2    2
    2    2    2    2    2    2    2   28   28   28   35   35   38   35
   35   35   35   28    2    2    2    2    1    2    2    2    2    2
   28   28   35   38   35   35   35   38   35   28    2    2    1    1
    2    2    1    2    2    2    2   35   38   35   35   35   35   35
   38   35    2    2    2    2    2    2    1    2    2    2    2   38
   35   35   35   38   35   35   35   38    2    1    2    2    1    1
    1    2    2    2    2   35   35   35   38   35   38   35   35   35
    2    2    2    2    2    2    2    2    2    1    1   35   38   38
   35   35   35   38   38   35    2    2    2    2    1    1    2    2
    2    2    2   28   28   28   28   28   28   28   28   34    2    1
    2    2    2    2    2    2    2    2   34   34   28   28   28   28
   28   28   28   28    2    2    1    2    2    2    2    1    2    2
   34   28   28   28   28   28   28   28   28   28    2    2    2    2
    2    2    2    2    2   28   28   28   28   28   28   28   28   28
   28   28    2    2    2   28   28    2    2    2   28   28   28   28
   28   28   28   28   28   28   28   28    2    2   28   28   28   28
   28   28   28   28   28   28   28   28   28   28   28   28   28   28
   28   28   28   28   28   28   28   28   28   28   28   28   28   28
   28   28   28   28   28   28   28   28   28   28   28   28   28   28
   28   28   28   28   28   28   28   28   28   28   28   28

[Palette]
  1 =  DarkBlue
  2 =  MediumBlue
 28 =  Blank
 34 =  TreeGreen6
 35 =  TreeBrown1
 38 =  TreeBrown4
