[XSize]  20
[YSize]  16

[Picture]
   28   28   28   28   28   28   28   28   28   28   28   28   28   28
   28   28   28   28   28   28   28   28   28   28   28   28   28   28
   28   28   28   28   28   28   28   28   28   28   28   28   28   28
   28   28   28   28   28   28   28   28   28   28   28   28   28   28
   28   28   28   28   28   28   28   28   28   28   28   28   28   28
   28   28   28   28   28   28   28   28   28   28   28   28   28   28
   28   28   28   28   28   28   28   28   28   28   28   28   28   28
   28   28   28   28   28   28   28   28   28   28   28   28   28   28
   28   28   28   28   28   28   28   28   28   28   28   28   28   28
   28   28   28   28   28   28   28   28   28   28   28   28   28   28
   28   28   28   28   28   28   28   28   28   28   28   28   28   28
   28   28   28   28   28   28   33   28   28   28   28   28   28   28
   28   28   28   28   28   28   28   28   28   28   28   28   33   33
   28   28   28   28   28   28   28   28   28   32   32   32   32   29
   32   32   32   32   33   33   33   28   28   28   28   28   32   32
   32   32   32   32   32   29   32   32   32   32   29   33   33   33
   28   28   32   32   32   32   32   32   32   32   32   29   32   32
   32   32   33   29   29   29   29   35   29   29   29   29   33   33
   33   29   29   29   29   29   29   29   29   29   33   33   33   35
   33   33   33   29   29   33   33   33   33   33   32   32   32   32
   33   33   33   33   35   35   35   33   33   33   33   29   29   33
   33   33   29   29   32   32   33   33   33   35   35   38   35   35
   33   33   33   33   33   29   29   29   33   33   33   33

[Palette]
 28 =  Blank
 29 =  TreeGreen1
 32 =  TreeGreen4
 33 =  TreeGreen5
 35 =  TreeBrown1
 38 =  TreeBrown4
