[XSize]  20
[YSize]  16

[Picture]
   33   33   33   33   29   33   33   33   28   28   28   28   28   35
   38   35   35   35   28   28   33   33   33   33   33   29   28   28
   28   28   28   28   28   38   35   35   35   38   28   28   33   33
   33   28   28   28   28   28   28   28   28   28   28   35   35   38
   35   35   28   28   28   28   28   28   28   28   28   28   28   28
   28   28   28   35   35   35   38   35   28   28   28   28   28   28
   28   28   28   28   28   28   28   28   28   38   35   35   35   38
   28   28   28   28   28   28   28   28   28   28   28   28   28   28
   28   35   35   38   35   35   28   28   28   28   28   28   28   28
   28   28   28   28   28   28   28   35   35   35   38   35   28   28
   28   28   28   28   28   28   28   28   28   28   28   28   28   38
   35   35   35   38   28   28   28   28   28   28   28   28   28   28
   28   28   28   28   28   35   35   38   35   35   28   28   28   28
   28   28   28   28   28   28   28   28   28   28   28   35   38   35
   38   35   28   28   28   28   28   28   28   28   28   28   28   28
   28   28   28   38   35   35   35   38   28   28   28   28   28   28
   28   28   28   28   28   28   28   28   28   35   35   38   35   35
   28   28   28   28   28   28   28   28   28   28   28   28   28   28
   28   35   38   35   38   35   28   28   28   28   28   28   28   28
   28   28   28   28   28   28   28   38   35   35   35   38   28   28
   28   28   28   28   28   28   28   28   28   28   28   28   28   35
   35   38   35   35   28   28   28   28   28   28   28   28   28   28
   28   28   28   28   28   35   35   35   38   35   28   28

[Palette]
 28 =  Blank
 29 =  TreeGreen1
 33 =  TreeGreen5
 35 =  TreeBrown1
 38 =  TreeBrown4
