[XSize]  20
[YSize]  16

[Picture]
   40   40   40   40   40   40   40   40   40   40   40   40   40   40
   40   40   40   40   40   41   40   40   40   40   40   40   40   40
   40   40   40   40   40   40   40   40   40   40   40   41   40   40
   40   40   40   40   40   40   40   40   40   40   40   40   40   40
   40   40   40   41   40   40   40   40   40   40   40   40   40   40
   40   40   40   40   40   40   40   40   40   41   40   40   40   40
   40   40   40   40   40   40   40   40   40   40   40   40   40   40
   40   41   40   40   40   40   40   40   40   40   40   40   40   40
   40   40   40   40   40   40   40   41   40   40   40   40   40   40
   40   40   40   40   40   40   40   40   40   40   40   40   40   41
   40   40   40   40   40   40   40   40   40   40   40   40   40   40
   40   40   40   40   40   41   40   40   40   40   40   40   40   40
   40   40   40   40   40   40   40   40   40   40   40   41   40   40
   40   40   40   40   40   40   40   40   40   40   40   40   40   40
   40   40   40   41   40   40   40   40   40   40   40   40   40   40
   40   40   40   40   40   40   40   40   40   41   40   40   40   40
   40   40   40   40   40   40   40   40   40   40   40   40   40   40
   40   41   40   40   40   40   40   40   40   40   40   40   40   40
   40   40   40   40   40   40   40   41   40   40   40   40   40   40
   40   40   40   40   40   40   40   40   40   40   40   40   40   41
   40   40   40   40   40   40   40   40   40   40   40   40   40   40
   40   40   40   40   40   41   41   41   41   41   41   41   41   41
   41   41   41   41   41   41   41   41   41   41   41   42

[Palette]
 40 =  StoneGray1
 41 =  StoneGray2
 42 =  StoneGray4
