[XSize]  20
[YSize]  16

[Picture]
   37   29   29   29   29   29   29   29   29   29   29   29   29   29
   29   29   29   29   29   29   37   37   29   29   29   29   29   29
   29   29   29   29   29   29   29   29   29   29   29   29   37   38
   38   37   29   29   29   29   29   29   29   29   29   29   29   29
   29   29   29   29   37   38   38   37   37   29   29   29   29   29
   29   29   29   29   29   29   29   29   29   29   37   38   37   37
   37   37   29   29   29   29   29   29   29   29   29   29   29   29
   29   29   37   37   37   38   37   37   29   29   29   29   29   29
   29   29   29   29   29   29   29   29   37   37   38   38   37   37
   37   29   29   29   29   29   29   29   29   29   29   29   29   29
   37   37   37   37   37   37   38   29   29   29   29   29   29   29
   29   29   29   29   29   29   38   38   37   39   38   37   37   29
   29   29   29   29   29   29   29   29   29   29   29   29   38   37
   37   39   37   37   38   37   37   29   29   29   29   29   29   29
   29   29   29   29   38   37   37   37   37   37   38   37   37   29
   29   29   29   29   29   29   29   29   29   29   37   37   38   37
   38   37   37   38   37   37   29   29   29   29   29   29   29   29
   29   29   37   38   38   37   37   39   37   37   38   37   38   29
   29   29   29   29   29   29   29   29   37   38   38   37   37   39
   37   37   38   37   37   38   37   29   29   29   29   29   29   29
   37   37   38   37   38   38   37   37   38   37   38   38   37   37
   29   29   29   29   29   29   37   37   37   38   37   37   37   39
   37   37   37   37   37   37   38   29   29   29   29   29

[Palette]
 29 =  Blank
 37 =  TreeBrown2
 38 =  TreeBrown3
 39 =  TreeBrown4
