[XSize]  20
[YSize]  16

[Picture]
  255  255  255  255  255  255  255  255  255   16   16   16   16  255
  255  255  255  255  255  255  255  255  255  255  255  255  255  255
  255   16   16   16   16  255  255  255  255  255  255  255  255  255
  255  255  255  255  255  255  255   16   16   16   16  255  255  255
  255  255  255  255  255  255  255  255  255  255  255  255  255   16
   16   16   16  255  255  255  255  255  255  255  255  255  255  255
  255  255  255  255  255   16   16   16   16  255  255  255  255  255
  255  255  255  255  255  255  255  255  255  255  255   16   16   16
   16  255  255  255  255  255  255  255  255  255  255  255  255  255
  255  255  255   16   16   16   16  255  255  255  255  255  255  255
  255  255  255  255  255  255  255  255  255   16   16   16   16  255
  255  255  255  255  255  255  255  255  255  255  255  255  255  255
  255   16   16   16   16  255  255  255  255  255  255  255  255  255
  255  255  255  255  255  255  255   16   16   16   16  255  255  255
  255  255  255  255  255  255  255  255  255  255  255  255  255   16
   16   16   16  255  255  255  255  255  255  255  255  255  255  255
  255  255  255  255  255   16   16   16   16  255  255  255  255  255
  255  255  255  255  255  255  255  255  255  255  255   16   16   16
   16  255  255  255  255  255  255  255  255  255  255  255  255  255
  255  255  255   16   16   16   16  255  255  255  255  255  255  255
  255  255  255  255  255  255  255  255  255  255   16   16  255  255
  255  255  255  255  255  255  255  255  255  255  255  255  255  255
  255  255  255  255  255  255  255  255  255  255  255  255

[Palette]
 16 =  White
