[XSize]  54
[YSize]  53

[Picture]
  255  255  255  255  255  255  255  255  255  255  255  255  255  255
  255    1  255  255  255  255  255  255  255  255  255  255  255  255
  255  255  255  255  255  255  255  255  255  255    1  255  255  255
  255  255  255  255  255  255  255  255  255  255  255  255  255  255
  255  255  255  255  255  255  255  255  255  255  255  255  255  255
    1  255  255  255  255  255  255  255  255  255    2    3  255  255
  255  255  255  255  255  255  255    1  255  255  255  255  255  255
  255  255  255  255  255  255  255  255  255  255  255  255  255  255
  255  255  255  255  255  255  255  255  255  255  255  255    1  255
  255  255  255  255  255  255  255  255    2    3  255  255  255  255
  255  255  255  255  255    1  255  255  255  255  255  255  255  255
  255  255  255  255  255  255  255  255  255  255  255  255  255  255
  255  255  255  255  255  255  255  255  255  255    1    1  255  255
  255  255  255  255  255  255    2    3  255  255  255  255  255  255
  255  255    3    1  255  255  255  255  255  255  255  255  255  255
  255  255  255  255  255  255  255  255  255  255  255  255  255  255
  255  255  255  255  255  255  255  255    1    3    1  255  255  255
  255  255  255    1    2    2    3  255  255  255  255  255  255    3
    3    1  255  255  255  255  255  255  255  255  255  255  255  255
  255  255  255  255  255  255  255  255  255  255  255  255  255  255
  255  255  255  255  255  255    1    3    2    1  255  255  255  255
  255    1    2    2    3  255  255  255  255  255    3    3    2    3
  255  255  255  255  255  255  255  255  255  255  255  255  255  255
  255  255  255  255  255  255  255  255  255  255  255  255  255  255
  255  255    1  255    1    3    2    1    1    1    1    1    1    1
    2    2    2    3    3    3    1    1    3    3    2    3  255    3
  255  255  255  255  255  255  255  255  255  255  255  255  255  255
  255  255  255  255  255  255  255  255  255  255  255  255  255  255
    1  255    1    1    3    2    2    2    1    1    1    1    1    3
    2    3    2    3    3    1    2    3    2    3  255    1  255  255
  255  255  255  255  255  255  255  255  255  255  255  255    1    1
  255  255  255  255  255  255  255  255  255  255  255  255    1    1
    1    3    2    1    2    1    1    1    1    3    1    3    2    3
    2    2    3    3    1    2    3    2    2    3  255  255  255  255
  255  255  255  255  255  255  255  255    1    1  255    1    1    1
    1  255  255  255  255  255  255  255  255  255    1    3    1    3
    2    1    2    1    1    1    3    1    2    2    3    2    3    2
    3    2    1    2    3    2    3    3  255  255  255  255  255  255
  255  255  255    1    1    1    1  255  255  255    1    3    3    1
  255  255  255  255  255  255  255  255  255    1    3    3    2    1
    3    1    1    3    1    1    1    2    2    3    2    3    3    2
    1    2    3    3    1  255  255  255  255  255  255  255  255  255
    1    3    3    1  255  255  255  255  255    1    3    1  255  255
  255  255  255  255  255  255  255    1    2    3    2    1    3    1
    3    1    1    1    3    3    2    2    3    2    3    2    1    2
    3    3    1  255  255  255  255  255  255  255  255  255    1    3
    1  255  255  255  255  255  255    1    3    3    1  255  255  255
  255  255  255  255  255  255    1    2    2    1    3    1    3    1
    1    3    3    3    3    2    3    2    3    2    1    2    3    1
  255  255  255  255  255  255  255  255  255    1    3    3    1  255
  255  255  255  255  255    1    2    3    1  255  255  255    1  255
  255  255  255  255  255    1    2    1    2    1    1    1    1    3
    3    3    3    2    2    3    3    2    1    2    1  255  255  255
  255  255  255    1  255  255  255    1    3    2    1  255  255  255
  255  255  255    1    2    3    1  255  255  255    1  255  255  255
  255  255  255    1    1    3    2    1    1    1    7    1    3    2
    1    7    3    1    1    2    1    1    3  255  255  255  255  255
  255    1  255  255  255    1    3    2    1  255  255  255  255  255
  255    1    2    3    1  255  255    1    1  255  255  255  255  255
    1    1    3    3    2    2    1    1    7    7    3    3    7    7
    2    1    2    2    3    1    1    1  255  255  255  255  255    1
    1  255  255    1    3    2    1  255  255  255  255  255  255    1
    2    3    1    1    1    3    1  255  255    1    1    1    3    3
    2    2    2    1    1    1    7    7    2    2    7    7    1    1
    1    2    2    3    3    1    1    1    1  255  255    1    3    1
    1    1    3    2    1  255  255  255  255  255  255    1    2    3
    1    1    1    3    1  255    1    1    1    1    1    1    1    1
    1    1    3    1    1    2    3    3    3    2    1    3    1    1
    1    1    1    1    1    1    1    1  255    1    3    1    1    1
    3    2    1  255  255  255  255  255  255    1    2    3    3    3
    1    1  255  255  255  255  255  255  255    1    1    3    1    2
    3    2    1    3    3    3    2    1    2    3    2    1    3    1
    1  255  255  255  255  255  255  255    1    1    3    3    3    2
    1  255  255  255  255  255  255    1    2    3    3    3    1    1
    1  255  255  255  255    3    3    3    3    2    1    2    3    2
    1    2    2    2    2    1    2    3    2    1    2    3    3    3
    3  255  255  255  255    1    1    1    3    3    3    2    1  255
  255  255  255  255  255    1    1    2    3    1    1    1    1  255
  255  255    3    3    3    3    2    2    2    3    2    3    2    1
    1    1    1    2    3    2    3    2    2    2    3    3    3    3
  255  255  255    1    1    1    1    3    2    1    1  255  255  255
  255  255  255  255  255    1    3    1    3    2    1    3    1    3
    2    2    2    2    2    2    2    3    2    3    2    3    3    3
    3    2    3    2    3    2    2    2    2    2    2    2    3    1
    3    1    2    3    1    3    1  255  255  255  255  255  255  255
  255  255  255  255    1    1    3    2    1    3    1    3    2    2
    2    2    3    2    3    2    3    2    2    2    3    3    2    2
    2    3    2    3    2    3    2    2    2    2    3    1    3    1
    2    3    1    1  255  255  255  255  255  255  255  255  255  255
  255  255  255    1    1    3    1    3    1    2    2    2    2    2
    2    3    3    2    2    2    2    2    3    3    2    2    2    2
    2    3    3    2    2    2    2    2    2    1    3    1    3    1
    1  255  255  255  255  255  255  255  255  255  255  255  255  255
  255    1    1    1    1    1    1    3    2    2    2    3    3  255
    3    2    3    2    2    2    3    3    2    2    2    3    2    3
  255    3    3    2    2    2    3    1    1    1    1    1    1  255
  255  255  255  255  255  255  255  255  255  255  255  255  255    1
    2    1    1    1    3    1    2    2    3  255  255  255  255    3
    2    3    2    2    3    3    2    2    3    2    3  255  255  255
  255    3    2    2    1    3    1    1    1    2    1  255  255  255
  255  255  255  255  255  255  255  255  255    1  255  255    2    2
    1    1    3    1    1    1  255  255  255  255  255    3    3    2
    2    2    2    2    2    2    2    3    3  255  255  255  255  255
    1    1    1    3    1    1    2    2  255  255    1  255  255  255
  255  255  255  255  255  255  255  255    1  255    1    2    2    1
    1    2    3    1  255  255  255  255  255    3    2    3    2    2
    3    3    2    2    3    2    3  255  255  255  255  255    1    3
    2    1    1    2    2    1  255    1  255  255  255  255  255  255
  255  255  255  255  255  255    1    1    1    2    3    2    3    2
    3    1  255  255  255  255  255    3    2    2    3    2    2    2
    2    3    2    2    3  255  255  255  255  255    1    3    2    3
    2    3    2    1    1    1  255  255  255  255  255  255  255  255
  255  255  255  255  255    3    1    1    1    3    3    2    3    1
  255  255  255  255  255    3    3    2    2    2    2    2    2    2
    2    3    3  255  255  255  255  255    1    3    2    3    3    1
    1    1    3  255  255  255  255  255  255  255  255  255  255  255
  255  255  255    1    1    3    2    1    2    2    3    3    1  255
  255  255  255  255    3    3    3    2    2    2    2    3    3    3
  255  255  255  255  255    1    3    3    2    2    1    2    3    1
    1  255  255  255  255  255  255  255  255  255  255  255  255  255
  255  255  255    1    3    2    1    2    3    1  255  255  255  255
  255  255  255    3    3    2    2    2    2    3    3  255  255  255
  255  255  255  255    1    3    2    1    2    3    1  255  255  255
  255  255  255  255  255  255  255  255  255  255  255  255  255    1
    1    1    3    3    2    1    3    3  255  255  255  255  255  255
  255    3    3    3    2    2    3    3    3  255  255  255  255  255
  255  255    3    3    1    2    3    3    1    1    1  255  255  255
  255  255  255  255  255  255  255  255  255  255  255    1    3    1
    1    1    1    1    2    3    1  255  255  255  255  255  255    3
    3    3    3    1    1    1    3  255  255  255  255  255  255    1
    3    2    1    1    1    1    1    3    1  255  255  255  255  255
  255  255  255  255  255  255  255  255  255  255    1    1    1    3
    3    3    1    3    1  255  255  255  255  255  255    3    3    3
    2    1    3    1    3  255  255  255  255  255  255    1    3    1
    3    3    3    1    1    1  255  255  255  255  255  255  255  255
  255  255  255  255  255  255  255  255  255  255  255  255    2    2
    3    1    2    3    1  255  255  255  255    3    3    3    3    1
    3    1    3  255    2    2  255    1    3    2    1    3    2    2
  255    2  255  255  255  255  255  255  255  255  255  255  255  255
  255  255  255  255  255  255  255  255  255  255    1    2    2    3
    1    2    1  255  255  255  255    2    3    3    2    1    3    1
    3  255    2    3  255    1    2    1    3    2    2    1  255  255
  255  255  255  255  255  255  255  255  255  255  255  255  255  255
  255  255  255  255  255  255  255  255  255    1    2    2    3    1
  255  255  255  255  255    3    2    2    3    1    3    1    1  255
    2    2  255  255    1    3    2    2    1  255  255  255  255  255
  255  255  255  255  255  255  255  255  255  255  255  255  255  255
  255  255  255  255  255  255  255  255    1    1    1  255  255  255
  255  255  255  255    3    2    2    1    2    3    1  255    2    2
    2  255  255    1    1    1  255  255  255  255  255  255  255  255
  255  255  255  255  255  255  255  255  255  255  255  255  255  255
  255  255  255  255  255  255  255  255  255  255  255  255  255  255
  255  255    3    3    2    1    3    2    3    1    2    2    2  255
  255  255  255  255  255  255  255  255  255  255  255  255  255  255
  255  255  255  255  255  255  255  255  255  255  255  255  255  255
  255  255  255  255  255  255  255  255  255  255  255  255  255  255
    3    3    2    1    1    2    3    1    1    2    2  255  255  255
  255  255  255  255  255  255  255  255  255  255  255  255  255  255
  255  255  255  255  255  255  255  255  255  255  255  255  255  255
  255  255  255  255  255  255  255  255  255  255  255  255    3    2
    3    2    1    3    2    3    1    1    3    2  255  255  255  255
  255  255  255  255  255  255  255  255  255  255  255  255  255  255
  255  255  255  255  255  255  255  255  255  255  255  255  255  255
  255  255  255  255  255  255  255  255  255  255  255    3    3    2
    1    3    2    2    3    1    2    3    2  255  255  255  255  255
  255  255  255  255  255  255  255  255  255  255  255  255  255  255
  255  255  255  255  255  255  255  255  255  255  255  255  255  255
  255  255  255  255  255  255  255  255  255    3    2    3    2    1
    3    2    2    1    2    2    3  255  255  255  255  255  255  255
  255  255  255  255  255  255  255  255  255  255  255  255  255  255
  255  255  255  255  255  255  255  255  255  255  255  255  255  255
  255  255  255  255  255  255  255  255    3    3    2    1    1    3
    2    2    2    2    2    2  255  255  255  255  255  255  255  255
  255  255  255  255  255  255  255  255  255  255  255  255  255  255
  255  255  255  255  255  255  255  255  255  255  255  255  255  255
  255  255  255  255  255  255  255    3    3    2    1    3    3    3
    3    2    2    3    2  255  255  255  255  255  255  255  255  255
  255  255  255  255  255  255  255  255  255  255  255  255  255  255
  255  255  255  255  255  255  255  255  255  255  255  255  255  255
  255  255  255  255  255  255    3    3    3    1    2    2    3    3
    2    2    3  255  255  255  255  255  255  255  255  255  255  255
  255  255  255  255  255  255  255  255  255  255  255  255  255  255
  255  255  255  255  255  255  255  255  255  255  255  255  255  255
  255  255  255  255  255  255  255  255    3    3    3    2    3    2
    2    3  255  255  255  255  255  255  255  255  255  255  255  255
  255  255  255  255  255  255  255  255  255  255  255  255  255  255
  255  255  255  255  255  255  255  255  255  255  255  255  255  255
  255  255  255  255  255  255  255  255  255  255  255    3    3    3
  255  255  255  255  255  255  255  255  255  255  255  255  255  255
  255  255  255  255  255  255  255  255  255  255  255  255  255  255
  255  255  255  255  255  255  255  255  255  255  255  255  255  255
  255  255  255  255  255  255  255  255  255    3    2    3  255  255
  255  255  255  255  255  255  255  255  255  255  255  255  255  255
  255  255  255  255  255  255  255  255  255  255  255  255  255  255
  255  255  255  255  255  255  255  255  255  255  255  255  255  255
  255  255  255  255  255  255  255  255    3  255  255  255  255  255
  255  255  255  255  255  255  255  255  255  255  255  255  255  255
  255  255  255  255  255  255  255  255  255  255  255  255  255  255
  255  255  255  255  255  255  255  255  255  255  255  255  255  255
  255  255  255  255  255  255    3  255  255  255  255  255  255  255
  255  255  255  255  255  255  255  255  255  255  255  255  255  255
  255  255  255  255  255  255  255  255  255  255  255  255  255  255
  255  255  255  255  255  255  255  255  255  255  255  255  255  255
  255  255  255  255    3  255  255  255  255  255  255  255  255  255
  255  255  255  255  255  255

[Palette]
  1 =  DarkBlue
  2 =  LightBlue
  3 =  MediumBlue
  7 =  Brown
