[XSize]  20
[YSize]  16

[Picture]
   39   39   39   39   39   39   39   39   39   39   39   39   39   39
   39   39   39   39   39   39   39   39   39   39   39   39   39   39
   39   39   39   39   39   39   39   39   39   39   39   38   39   39
   40   40   40   40   40   40   40   40   40   40   40   40   40   40
   40   40   39   38   39   39   40   40   40   40   41   41   41   41
   41   41   41   40   40   40   40   40   39   39   39   39   40   40
   40   41   37   41   37   41   37   41   37   41   40   40   40   40
   39   39   39   39   40   40   40   41   37   41   37   41   37   41
   37   41   40   40   40   40   39   39   39   39   40   40   40   41
   37   41   37   41   37   41   37   41   40   40   40   40   39   39
   39   39   40   40   40   41   41   41   41   41   41   41   41   41
   40   40   40   40   39   39   39   39   40   40   40   40   40   40
   40   40   40   40   40   40   40   40   40   40   39   39   39   39
   40   40   40   40   40   40   40   40   40   40   40   40   40   40
   41   40   39   39   39   39   40   40   40   40   40   40   40   40
   38   40   40   40   40   40   41   40   39   39   39   39   40   40
   40   40   40   40   40   38   40   40   40   40   40   40   40   40
   39   39   39   39   40   40   38   40   40   40   40   40   40   40
   40   40   40   40   40   40   39   39   39   39   40   40   40   38
   40   40   40   40   40   40   40   40   40   40   40   40   39   39
   39   39   40   40   40   40   40   40   40   40   40   40   40   40
   40   40   40   40   39   39   39   39   40   40   40   40   40   40
   40   40   40   40   40   38   38   40   40   40   39   39

[Palette]
 37 =  StoneBlank
 38 =  StoneGray1
 39 =  StoneGray2
 40 =  StoneGray3
 41 =  StoneGray4
