[XSize]  20
[YSize]  16

[Picture]
  255  255  255    0    0    0    1    1  255  255  255  255  255  255
  255  255  255  255  255  255  255  255    0    0    1    0    0    1
    1    0    0    0    1  255  255  255  255  255  255  255  255    0
    0    0    1    0    0    0    1    1    0    0    0    0    0    0
  255  255  255  255  255    0    0    1    1    1    1    0    0    1
    0    0    0    0    1    0    0  255  255  255    0    0    1    0
    1    0    0    0    0    1    1    1    1    0    0    1    0    0
  255  255    0    0    1    0    1    0    0    0    0    0    1    0
    0    0    0    0    0    0    1  255    0    0    1    1    1    1
    0    0    0    0    1    0    0    0    0    0    1    0    0  255
    0    0    0    0    1    0    1    0    0    0    1    1    1    0
    0    0    1    0    0    1    0    0    0    0    1    0    1    0
    0    0    1    0    1    0    0    0    1    0    0    1    0    0
    1    1    1    1    1    0    0    1    1    0    1    0    0    0
    1    0    0    1  255    0    0    0    1    0    0    0    0    1
    1    1    1    0    0    1    0    0    0    1  255    0    0    0
    1    0    0    0    1    1    0    0    0    0    0    1    0    0
    1  255  255  255    0    0    0    0    0    1    1    0    0    0
    0    0    1    0    0    0    1  255  255  255  255    0    0    0
    1    1    0    0    0    0    1    1    0    0    0    1  255  255
  255  255  255  255  255  255  255  255    1    1    1    1    0    0
    0    1    1  255  255  255  255  255  255  255  255  255  255  255
  255  255  255    1    1    1    1  255  255  255  255  255

[Palette]
  0 =   LightGold
  1 =   DarkGold
