[XSize]  20
[YSize]  16

[Picture]
  255  255  255  255  255  255  255  255  255  255  255  255  255  255
  255  255  255  255  255  255  255  255  255  255  255  255  255  255
  255    4  255  255  255  255  255  255  255  255  255  255  255  255
  255  255  255  255  255  255  255    4  255  255  255  255  255  255
  255  255  255  255  255  255  255  255  255  255  255  255  255    4
  255  255  255  255  255  255  255  255  255  255  255  255  255  255
  255  255  255  255  255    4  255  255  255  255  255  255  255  255
  255  255  255  255  255  255  255  255  255  255  255    4  255  255
  255  255  255  255  255  255  255  255  255  255  255  255  255  255
  255  255  255    4  255  255  255  255  255  255  255  255  255  255
  255  255  255  255  255  255  255  255  255    4  255  255  255  255
  255  255  255  255  255  255  255  255  255  255  255  255  255  255
  255    4  255  255  255  255  255  255  255  255  255  255  255  255
  255  255  255  255  255  255  255    4  255  255  255  255  255  255
  255  255  255  255  255  255  255  255  255  255  255  255  255    4
  255  255  255  255  255  255  255  255  255  255  255  255  255  255
  255  255  255  255  255    4  255  255  255  255  255  255  255  255
  255  255  255  255  255  255  255  255  255  255  255    4  255  255
  255  255  255  255  255  255  255  255  255  255  255  255  255  255
  255  255  255    4  255  255  255  255  255  255  255  255  255  255
  255  255  255  255  255  255  255  255    5    4    5  255  255  255
  255  255  255  255  255  255  255  255  255  255  255  255  255  255
  255    5  255  255  255  255  255  255  255  255  255  255

[Palette]
  4 =  Brown
  5 =  LightGray
