[XSize]  9
[YSize]  20

[Picture]
  255   13   13   13   13   13   13   13   13   13   13   13   13   13
   13   13   13  255   13   13   13   13   13   13   13  255  255  255
  255  255  255  255  255  255  255  255  255  255  255  255  255  255
  255  255  255  255  255  255  255  255  255  255  255  255  255  255
  255  255  255  255  255  255  255  255  255  255  255  255  255  255
  255  255  255  255  255  255  255  255  255  255  255  255  255  255
  255  255  255  255  255  255  255  255  255  255  255  255  255  255
  255  255  255  255  255  255  255  255  255  255  255  255  255  255
  255  255  255  255  255  255  255  255  255  255  255  255  255  255
  255  255  255  255  255  255  255  255  255  255   13   13   13   13
   13   13  255  255   13   13   13   13   13   13   13   13  255   13
   13   13   13   13   13   13   13   13  255  255  255  255  255  255
  255  255  255  255  255  255  255  255  255  255  255  255

[Palette]
 13 =  LightRed
