[XSize]  20
[YSize]  16

[Picture]
   28   28   28   28   28   28   28   28   28   28   28   28   34   28
   28   28   28   28   28   28   28   28   28   28   28   28   28   28
   28   28   28    2    2    2    2    2    2   28   28   28   28   28
   28    2    2    2    2    2    2    2    2    2    2    2    2    2
    2    2    2    2    2    2    2    2    2    2    2    2    1    2
    1    1    1    2    2    2    2    2    1    2    1    2    2    2
    2    2    2    1    2    1    2    2    2    2    2    2    2    2
    1    1    2    2    2    2    2    2    1    2    1    1    1    2
    1    1    2    2    2    2    2    2    2    2    2    1    2    2
    2    2    2    1    2    2    1    2    2    2    2    2    2    2
    2    2    2    2    1    1    1    1    1    2    2    2    2    1
    2    2    1    2    2    1    2    2    2    2    2    2    1    1
    1    2    2    2    2    2    2    2    1    2    2    1    2    2
    1    2    1    2    2    1    2    1    2    1    2    2    2    2
    2    1    2    2    1    2    2    2    2    1    2    2    2    2
    2    2    2    2    1    2    2    1    2    2    2    2    2    1
    2    2    2    1    2    1    1    2    1    2    1    1    2    2
    1    2    2    2    2    2    2    2    1    1    1    2    1    2
    2    2    2    2    2    2    2    2    2    1    1    2    2    2
    2    2    1    2    2    2   34    2   34    2    2    2    2    2
    2    2    1    1    2    2    2    2    2    2    2    2    2   34
   28   28   28   28   28   28    2    2    2    1    2    2    2    2
    2   28   28   28   28   28   28   28   28   28   28   28

[Palette]
  1 =  DarkBlue
  2 =  MediumBlue
 28 =  Blank
 34 =  TreeGreen6
