[XSize]  20
[YSize]  32

[Picture]
  255  255  255    6    6  255  255  255  255  255  255  255  255  255
  255    6    6  255  255  255  255  255    6    7    7    6  255  255
  255  255  255  255  255  255    6    7    7    6  255  255  255    6
    7    7    7    7    6    6    6    6    6    6    6    6    7    7
    7    7    6  255  255    6    7    7    7    6    6    6    6    6
    6    6    6    6    6    7    7    7    6  255  255    6    7    7
    6    6    6    9    6    6    6    6    9    6    6    6    7    7
    6  255  255    6    7    6    6    6    6    9    9    6    6    9
    9    6    6    6    6    7    6  255  255    6    7    6    6    6
    6    6    6    6    6    6    6    6    6    6    6    7    6  255
  255    6    7    6    6    6    6    6    6    6    6    6    6    6
    6    6    6    7    6  255  255    6    7    7    6    6    6    6
    6    6    6    6    6    6    6    6    7    7    6  255  255    6
    8    8    8    6    6    6   10    9    9   10    6    6    6    8
    8    8    6  255  255    6    7    7    7    7    6    6    9    9
    9    9    6    6    7    7    7    7    6  255  255    6    8    8
    8    8    6    6    9    9    9    9    6    6    8    8    8    8
    6  255  255    6    7    7    7    7    6    6   10    9    9   10
    6    6    7    7    7    7    6  255  255    6    6    8    8    8
    8    6    6    6    6    6    6    8    8    8    8    6    6  255
  255  255    6    7    7    7    7    7    7    7    7    7    7    7
    7    7    7    6  255  255  255  255  255    6    8    8    8    8
    8    8    8    8    8    8    8    8    6  255  255  255  255  255
  255  255    6    7    7    7    7    7    7    7    7    7    7    6
  255  255  255  255  255  255  255  255  255    6    8    8    8    8
    8    8    8    8    6  255  255  255  255  255  255  255  255  255
  255  255    6    7    7    7    7    7    7    6  255  255  255  255
  255  255  255  255  255  255  255  255  255    6    8    8    8    8
    6  255  255  255  255  255  255  255  255  255  255  255  255  255
  255    6    7    7    7    7    6  255  255  255  255  255  255  255
  255  255  255  255  255  255  255    6    8    8    8    8    6  255
  255  255  255  255  255  255  255  255  255  255  255  255    6    6
    7    7    7    7    6  255  255  255  255  255  255  255  255  255
  255  255  255  255    6    8    8    8    8    6  255  255  255  255
  255  255  255  255  255  255    6    6    6    7    6    7    7    7
    7    6    7    6    6    6  255  255  255  255  255    6    6    6
    6    7    6    8    8    8    8    6    7    6    6    6    6  255
  255  255    6    6    6    6    7    6    7    7    7    7    7    6
    7    6    6    6    6    6    6  255    6    6    7    7    6    8
    8    8    8    8    6    7    7    7    7    7    6    6    6  255
    6    7    6    6    8    7    7    8    8    6    7    6    6    6
    6    7    6    6    6    6    6    6    8    7    8    8    7    7
    7    6    7    6    7    7    7    6    6    6    6    6    6    7
    8    7    7    8    8    8    6    7    6    6    6    6    6    6
    6    6    6  255    6    7    8    8    7    7    8    6    7    6
    6    6    6    6    6    6    6    6  255  255

[Palette]
  6 =  DarkBlue
  7 =  MediumBlue
  8 =  LightBlue
  9 =  Brown
 10 =  LightGray
