[XSize]  33
[YSize]  24

[Picture]
  255  255  255  255  255  255  255  255  255  255  255  255   11   11
   11   11   11   11   11   11   11  255  255  255  255  255  255  255
  255  255  255  255  255  255  255  255  255  255  255  255  255  255
   11   11   11   11   12   13   13   13   13   13   13   11   11   11
   11  255  255  255  255  255  255  255  255  255  255  255  255  255
  255  255   11   11   11   11   12   12   13   13   13   13   13   13
   13   13   13   13   12   11   11   11   11  255  255  255  255  255
  255  255  255  255  255  255   11   11   12   12   12   12   11   13
   13   13   13   13   13   13   13   13   13   11   12   12   12   11
   11  255  255  255  255  255  255  255  255  255   11   11   12   12
   12   12   12   11   13   13   13   13   13   13   13   13   13   13
   11   12   12   12   12   11   11  255  255  255  255  255  255  255
   11   11   12   11   11   11   12   12   11   11   11   13   13   13
   13   13   13   11   11   12   12   12   12   12   12   11   11  255
  255  255  255  255   11   11   11   11   11   13   13   13   13   13
   13   11   11   11   12   12   12   11   11   11   11   11   11   11
   11   12   12   11   11  255  255  255   11   11   12   11   13   13
   13   13   13   13   13   13   13   13   11   12   11   11   11   13
   13   13   13   13   13   12   12   12   12   11   11  255  255   11
   12   12   11   13   13   13   13   13   13   13   13   13   13   11
   11   11   13   13   13   13   13   13   13   13   13   13   11   12
   12   11  255   11   11   12   12   11   13   13   13   13   13   13
   13   13   13   13   11   12   11   13   13   13   13   13   13   13
   13   13   13   11   12   12   11   11   11   12   12   12   11   11
   11   13   13   13   13   13   13   11   11   11   12   11   13   13
   13   13   13   13   13   13   13   13   11   12   12   12   11   11
   12   12   12   12   12   11   11   11   11   12   12   11   11   12
   12   12   11   11   11   13   13   13   13   13   13   11   11   11
   12   12   12   11   11   12   12   12   12   12   12   12   12   11
   11   11   11   12   12   12   12   12   12   11   11   11   11   11
   11   11   11   12   12   12   12   12   11   11   12   12   12   12
   12   11   11   11   11   11   11   11   11   12   12   12   12   12
   12   12   13   13   13   13   13   13   11   11   11   12   12   11
   11   11   12   12   11   11   11   13   13   13   13   13   13   11
   11   11   12   12   11   13   13   13   13   13   13   13   13   13
   13   11   12   11   11  255   11   12   12   11   13   13   13   13
   13   13   13   13   13   13   11   12   12   11   13   13   13   13
   13   13   13   13   13   13   11   12   11  255  255   11   11   12
   11   13   13   13   13   13   13   13   13   13   13   11   12   12
   11   13   13   13   13   13   13   13   13   13   13   12   11   11
  255  255  255   11   11   11   13   13   13   13   13   13   13   13
   13   13   11   11   11   11   11   11   13   13   13   13   13   13
   11   12   11   11  255  255  255  255  255   11   11   11   11   13
   13   13   13   13   13   11   11   13   13   13   13   13   13   11
   11   11   11   11   11   12   11   11  255  255  255  255  255  255
  255   11   11   11   11   11   11   11   11   11   13   13   13   13
   13   13   13   13   13   13   11   12   12   12   11   11  255  255
  255  255  255  255  255  255  255   11   11   12   12   12   12   12
   11   13   13   13   13   13   13   13   13   13   13   11   12   12
   11   11  255  255  255  255  255  255  255  255  255  255  255   11
   11   11   11   12   12   12   13   13   13   13   13   13   13   13
   13   13   11   11   11   11  255  255  255  255  255  255  255  255
  255  255  255  255  255  255  255   11   11   11   11   12   11   13
   13   13   13   13   13   11   11   11  255  255  255  255  255  255
  255  255  255  255  255  255  255  255  255  255  255  255  255  255
  255   11   11   11   11   11   11   11   11   11  255  255  255  255
  255  255  255  255  255  255  255  255

[Palette]
 11 =  DarkRed
 12 =  MediumRed
 13 =  LightRed
