[XSize]  20
[YSize]  16

[Picture]
  255  255  255  255  255  255   26   26   26   26   26   26   26   26
  255  255  255  255  255  255  255  255  255  255  255   26   27   27
   27   27   27   27   27   27   26  255  255  255  255  255  255  255
  255  255   26   27   27   27   27   27   27   27   27   27   27   26
  255  255  255  255  255  255  255  255   26   27   27   27   26   26
   26   26   27   27   27   26  255  255  255  255  255  255  255  255
   26   27   27   27   26  255  255   26   27   27   27   26  255  255
  255  255  255  255  255  255  255   26   27   27   26  255  255   26
   27   27   26  255  255  255  255  255  255   26   26  255  255  255
   26   27   27   26   26   27   27   26  255  255  255   26   26  255
  255   26   27   26   26  255  255   26   27   27   27   27   26  255
  255   26   26   27   26  255  255   26   27   27   27   26   26   27
   27   27   27   27   27   26   26   27   27   27   26  255  255   26
   27   27   27   27   27   27   27   27   27   27   27   27   27   27
   27   27   26  255  255   26   27   27   27   26   26   27   27   27
   27   27   27   26   26   27   27   27   26  255  255   26   27   26
   26  255  255   26   27   27   27   27   26  255  255   26   26   27
   26  255  255   26   26  255  255  255  255   26   27   27   27   27
   26  255  255  255  255   26   26  255  255  255  255  255  255  255
  255   26   27   27   27   27   26  255  255  255  255  255  255  255
  255  255  255  255  255  255   26   27   27   27   27   27   27   26
  255  255  255  255  255  255  255  255  255  255  255   26   26   26
   26   26   26   26   26   26   26  255  255  255  255  255

[Palette]
 26 =  DarkGold
 27 =  LightGold
