[XSize]  20
[YSize]  16

[Picture]
  255  255   21   21   21   21   21   21  255  255  255  255  255  255
   21   21   21   21  255  255  255  255  255  255  255   21   21   23
   21   21   21   21   23   21   21   21  255  255  255  255  255  255
  255  255  255  255   21   24   23   21   21   23   24   21  255  255
  255  255  255  255  255  255  255  255  255   21   21   24   24   23
   23   24   24   21   21  255  255  255  255  255  255  255  255  255
   21   21   21   21   21   23   23   21   21   21   21   21   12   12
  255  255  255  255   12   12   21   21   21   24   21   21   21   21
   24   21   21   21   12   21  255  255  255  255   21   12   21   21
   21   24   23   23   23   23   24   21   21   21   12   21  255  255
  255  255   21   12   21   21   21   23   23   23   23   23   23   21
   21   21   12   21   21  255  255  255   21   21   12   21   21   21
   21   21   21   21   21   21   21   12   21   21   21  255  255   21
   21   21   12   21   21   21   21   21   21   21   21   21   21   12
   21   12   21  255  255   21   21   21   21   11   21   21   21   23
   23   21   21   21   11   12   12   12  255  255  255   21   21   21
   21   12   11   12   12   12   12   12   12   12   11   12   11   11
  255  255  255  255   21   11   21   11   11   12   12   12   12   12
   11   11   11   11   12  255  255  255  255  255  255   12   12   12
   11   11   11   11   11   11   11   12   12   21   21   21  255  255
  255  255   21   22   21   21   12   12   12   12   12   12   12   12
   21   21   21   21   21  255  255  255  255  255  255  255  255  255
  255  255  255  255  255  255   22   21   22   21   22  255

[Palette]
 11 =  DarkRed
 12 =  MediumRed
 21 =  TrollGreen
 22 =  TrollPurple
 23 =  TrollBlack
 24 =  TrollGray
