[XSize]  42
[YSize]  35

[Picture]
  255  255  255  255  255  255  255  255  255  255  255  255  255  255
  255  255  255  255  255  255  255  255  255  255  255  255  255   24
  255  255  255  255  255  255  255  255  255  255  255  255  255  255
  255  255  255  255  255  255  255  255  255  255  255  255  255  255
  255  255  255  255  255  255  255  255  255  255  255  255   24   24
   24  255  255  255  255  255  255  255  255  255  255  255  255  255
  255  255  255  255  255  255  255  255  255  255  255  255  255  255
  255  255  255  255  255  255  255  255  255  255  255   24   24   24
   24  255  255  255  255  255  255  255  255  255  255  255  255  255
  255  255  255  255  255  255  255  255  255  255  255  255  255  255
  255  255  255  255  255  255  255  255  255  255   24   24   24   24
   24   24  255  255  255  255  255  255  255  255  255  255  255  255
  255  255  255  255  255  255  255  255  255  255  255  255  255  255
  255  255  255  255  255  255  255  255  255  255  255  255    3    3
   24   24  255  255  255  255  255  255  255  255  255  255  255  255
  255  255  255  255  255  255  255  255  255  255  255  255  255  255
  255  255  255  255  255  255  255  255  255  255  255  255    3    3
  255  255  255  255  255  255  255  255  255  255  255  255  255  255
  255  255  255  255  255  255  255  255  255  255  255  255  255  255
  255  255  255  255  255  255  255  255  255    2    2    2    3    3
  255  255  255  255  255  255  255  255  255  255  255  255  255  255
  255  255  255  255  255  255  255  255  255  255  255  255  255  255
  255  255  255  255  255  255    2    2    2    2    2    2   10   10
   10    2    2    2  255  255  255  255  255  255  255  255  255  255
  255  255  255  255  255  255  255  255  255  255  255  255  255  255
  255  255  255  255    2    2    2    2    2    2    2    2    2    2
   10    2    2    2    2  255  255  255  255  255  255  255  255  255
  255  255  255  255  255  255  255  255  255  255  255  255  255  255
  255  255    2    2   10    2   10    2    0    0    0    2    2    2
    2    2    2    2    2    2    2    2  255  255  255  255  255    2
  255  255  255  255  255  255  255  255  255  255  255  255  255  255
  255  255    2    2    2   10    2    0    2    2    0    2    2    0
    0   10    2    2    2    2    2    2    2  255  255  255    2    2
  255  255  255  255  255  255  255  255  255  255  255  255  255  255
  255  255    2    2    2    2    2    0    2    2    0    2    0    2
    2    0    2    2    0    0    2    2    2    2    2    2    2    2
  255  255  255  255  255  255  255  255  255  255  255  255  255  255
  255  255  255    0    0    2    2    0    2    2    0    2    0    2
    2    0    2    0    2    2    0    2    2    2    2    2    2  255
  255  255  255  255  255  255  255  255  255  255  255  255  255  255
  255  255  255  255    2    2    2    0    2    2    0    2    0    2
    2    0    2    2    0    2    2    2    2    2    2    2    2  255
  255  255  255  255  255  255  255  255  255  255  255  255  255  255
  255  255  255  255  255    2    2    0    0    0    2    2    0    2
    2    0    2    2    2    0    2    2    2    2    2    2    2  255
  255  255  255  255  255  255   50   50   50   50   50   50   50   50
   50   50   50   50   50    2    2    2    2    2    2    2    2    0
    0    2    2    0    2    2    0    2    2    2    2    2    2  255
  255  255  255  255  255   50   50   50   50   50   50   50   50   50
   50   49   50   50   50   50  255    2    2    2    2    2    2    2
    2    2    2    2    0    0    2    2  255    2    2    2    2  255
  255  255  255  255   50   50   50   50   50   50   50   50   50   50
   50   50   50   50   50   50   50   50  255  255    3   10    2    2
    2   10    2    2    2    2  255  255  255    2    2    2  255  255
  255  255  255   50   50   50   50   50   50   50   50   50   50   50
   50   50   50   50   50   50   50   50  255  255    3    3  255  255
  255  255  255  255  255  255  255  255  255  255    2    2  255  255
  255   50  255   50   50   50   49   50   50   50   50   50   50   50
   50   50   50   50   50   50   50   50  255   50    3   10  255  255
  255  255  255  255  255  255  255  255  255  255  255    2  255  255
  255   50   50   50   50   50   50   50   50   50   50   50   50   50
   50   50   50   50   50   50   50   50   50   50    3  255  255  255
  255  255  255  255  255  255  255  255  255  255  255  255  255  255
  255   50   49   50   50   50   50   50   50    0   50   50   50   50
   50    0   50   50   50   50   50   50   49   50   10  255  255  255
  255  255  255  255  255  255  255  255  255  255  255  255  255  255
  255  255   49   50   50   50   50   50   50    4    0   50   50   50
    0    4   50   50   50   49   50   50   49    3    3  255  255  255
  255  255  255  255  255  255  255  255  255  255  255  255  255  255
  255  255   49   50   50   50   50   50   50    4    1   50   50   50
    1    4   50   50   50   49   50   50   49    3    3  255  255  255
  255  255  255  255  255  255  255  255  255  255  255  255  255  255
  255  255  255   50   50   50   50   50   50   50   50   50   50   50
   50   50   50   50   50   50   50   50  255    3    3  255  255  255
  255  255  255  255  255  255  255  255  255  255  255  255  255  255
  255  255  255  255   50   50   50   50   50    4   50   50   50   50
   50    4   50   50   50   50   50  255    3    3  255  255  255  255
  255  255  255  255  255  255  255  255  255  255  255  255  255  255
  255  255  255  255  255   50   50   50   50    4    0    0    0    0
    0    4   50   50   50   50  255  255    3    3  255  255  255  255
  255  255  255  255  255  255  255  255  255  255  255  255  255  255
  255  255  255  255   50   21   50   50   50   49   50   50   50   50
   50   49   50   50   50   21   50  255    3    3  255  255  255  255
  255  255  255  255  255  255  255  255  255  255  255  255  255  255
  255  255  255  255   50   21   21   21   21   21    0    0    0    0
    0   21   21   21   21   21   50  255    3    3  255  255  255  255
  255  255  255  255  255  255  255  255  255  255  255  255  255  255
  255   50   50   50   50   21   21   21   21   21   21   21   21   21
   21   21   21   21   21   21   50   50    3    3   50  255  255  255
  255  255  255  255  255  255  255  255  255  255  255  255  255  255
  255   50   50   50   50  255   21   21   21   21   21   21   21   21
   21   21   21   21   21  255   50   50    3    3   50  255  255  255
  255  255  255  255  255  255  255  255  255  255  255  255  255  255
  255   50   50   50  255  255    0    0    0    0    0    0    0    0
    0    0    0    0    0  255  255    3    3  255  255  255  255  255
  255  255  255  255  255  255  255  255  255  255  255  255  255  255
  255  255  255  255  255   50   49   50   50   21   21   21   21   21
   21   21   50   50   50   50  255    3    3  255  255  255  255  255
  255  255  255  255  255  255  255  255  255  255  255  255  255  255
  255  255  255  255  255   50   49   50   50   21   21   21   21   21
   21   21   50   50   50   50  255    3    3  255  255  255  255  255
  255  255  255  255  255  255  255  255  255  255  255  255  255  255
  255  255  255  255  255  255  255  255  255  255  255  255  255  255
  255  255   49   50   50   49  255    3    3  255  255  255  255  255
  255  255  255  255  255  255  255  255  255  255  255  255  255  255
[Palette]
  0 =  Black
  1 =  DarkBlue
  2 =  MediumBlue
  3 =  Brown
  4 =  LightGray
 10 =  DarkRed
 21 =  TrollPurple
 24 =  TrollDarkGray
 49 =  TrollLightGreen
 50 =  TrollDarkGreen
