[XSize]  20
[YSize]  16

[Picture]
   37   37   38   38   37   36   36   36   38   37   38   38   37   37
   36   36   36   36   36   37   37   37   38   38   37   37   36   36
   37   36   36   36   36   36   36   37   38   36   36   37   38   38
   37   36   37   38   36   36   36   37   36   37   36   36   36   36
   36   36   37   39   39   38   36   37   38   38   36   36   36   36
   36   36   36   36   36   37   37   37   38   38   38   37   37   37
   37   37   37   37   37   37   37   36   36   36   37   37   37   37
   37   38   38   38   38   37   37   36   36   37   36   37   39   38
   38   38   38   37   37   37   38   37   37   38   37   36   36   36
   37   38   36   36   37   39   37   38   39   39   38   38   37   37
   37   37   36   36   37   37   36   36   36   36   38   38   38   38
   37   38   38   37   37   37   36   36   36   36   37   36   36   36
   36   37   37   37   37   37   36   36   36   36   36   36   36   36
   36   36   37   37   36   36   36   37   37   37   37   36   37   36
   37   36   36   36   36   36   37   36   37   36   37   36   37   38
   38   37   37   36   36   36   36   36   36   36   36   37   36   36
   36   36   36   36   37   39   38   37   37   37   37   37   36   36
   36   36   37   37   37   37   36   36   36   37   37   37   38   37
   37   38   39   38   38   38   37   37   36   36   37   36   36   36
   37   36   37   36   37   38   38   37   39   39   39   38   38   38
   36   36   37   37   37   37   38   38   38   37   37   37   37   38
   38   39   38   38   38   38   37   37   38   39   38   38   38   37
   37   37   36   37   37   37   38   38   37   37   37   37

[Palette]
 36 =  StoneGray1
 37 =  StoneGray2
 38 =  StoneGray3
 39 =  StoneGray4
