[XSize]  20
[YSize]  16

[Picture]
  255  255  255  255  255  255   49   49   49   49   49   49  255  255
  255  255  255  255  255  255  255  255  255  255  255   49   49   49
   49   49   49   49   49  255  255  255  255  255  255  255  255  255
  255  255   49   49   49   49   50   49   49   49   49   49  255  255
  255  255  255  255  255  255  255   49   49   50   50   50   50   50
   50   50   49   49   50  255  255  255  255  255  255  255   49   49
   49   50   49   49   50   49   49   49   49   49   49  255  255  255
  255  255  255  255   49   49   49   50   49   49   50   49   49   49
   49   49   49   50  255  255  255  255  255  255   49   49   49   50
   50   50   50   50   50   50   49   49   49   50  255  255  255  255
  255  255   49   49   49   49   49   49   50   49   49   50   49   49
   49   50  255  255  255  255  255  255   49   49   49   49   49   49
   50   49   49   50   49   49   49   50  255  255  255  255  255  255
  255   49   49   50   50   50   50   50   50   50   49   49   50  255
  255  255  255  255  255  255  255   49   49   49   49   49   50   49
   49   49   49   49   50  255  255  255  255  255  255  255  255  255
  255   49   49   49   49   49   49   49   49   50  255  255  255  255
  255  255  255  255  255  255  255   50   49   49   49   49   49   50
   50  255  255  255  255  255  255  255  255  255  255  255  255  255
  255   50   50   50   50  255  255  255  255  255  255  255  255  255
  255  255  255  255  255  255  255  255  255  255  255  255  255  255
  255  255  255  255  255  255  255  255  255  255  255  255  255  255
  255  255  255  255  255  255  255  255  255  255  255  255

[Palette]
 49 =   LightGold
 50 =   DarkGold
