[XSize]  20
[YSize]  16

[Picture]
  255  255  255  255  255  255  255  255  255  255  255  255  255  255
  255  255  255  255  255  255  255  255  255  255  255  255  255  255
  255  255  255  255  255  255  255  255  255  255  255  255  255  255
  255  255  255  255  255  255  255  255  255  255  255   11  255  255
  255  255  255  255  255  255  255  255  255  255  255  255  255  255
  255  255  255   11   11  255  255  255  255  255  255  255  255  255
  255  255  255  255  255  255  255  255  255   11   11   11  255  255
  255  255  255  255  255  255  255  255  255  255  255  255  255  255
  255   11   11   11   11  255  255  255  255  255  255  255  255  255
  255  255  255  255  255  255  255   11   11   11   11  255  255  255
  255  255  255  255  255  255  255  255  255  255  255  255  255   11
   15   11   15  255  255  255  255  255  255  255  255  255  255  255
  255  255  255  255  255   11   15   15   15  255  255  255  255  255
  255  255  255  255  255  255  255  255  255  255  255   11   11   15
   15  255  255  255  255  255  255  255  255  255  255  255  255  255
  255  255  255   11   11   15   15  255  255  255  255  255  255  255
  255  255  255  255  255  255  255  255  255   11   11   11   15  255
  255  255  255  255  255  255  255  255  255  255  255  255  255  255
  255   11   11   11   15  255  255  255  255  255  255  255  255  255
  255  255  255  255  255  255  255  255   11   15   11  255  255  255
  255  255  255  255  255  255  255  255  255  255  255  255  255  255
  255   11   11  255  255  255  255  255  255  255  255  255  255  255
  255  255  255  255  255  255  255  255   11  255  255  255

[Palette]
 11 =  DarkBlue
 15 =  LightGray
