[XSize]  20
[YSize]  16

[Picture]
  255  255  255  255  255  255  255  255  255  255  255  255  255  255
  255  255  255  255  255  255  255  255  255  255  255  255  255  255
  255  255  255  255  255  255  255  255  255  255  255  255  255  255
  255  255  255  255  255  255  255  255  255  255  255  255  255  255
  255  255  255  255  255  255  255  255  255  255  255  255  255  255
  255  255  255  255  255  255  255  255  255  255  255  255  255  255
  255  255  255  255  255  255  255  255  255  255  255   11  255  255
  255  255  255  255  255  255  255  255  255  255  255  255  255  255
  255   11   11   11  255  255  255  255  255  255  255  255  255  255
  255  255  255  255  255   11   11   11   11   11  255  255  255  255
  255  255  255  255  255  255  255  255  255  255  255   11   11  255
   11   11  255  255  255  255  255  255  255  255  255  255  255  255
  255  255  255  255  255  255   11   11  255  255  255  255  255  255
  255  255  255  255  255  255  255  255  255  255  255  255   11   11
  255  255  255  255  255  255  255  255  255  255  255  255  255  255
  255  255  255  255   11   11  255  255  255  255  255  255  255  255
  255  255  255  255  255  255  255  255  255  255  255   11  255  255
  255  255  255  255  255  255  255  255  255  255  255  255  255  255
  255  255  255   11  255  255  255  255  255  255  255  255  255  255
  255  255  255  255  255  255  255  255  255   11  255  255  255  255
  255  255  255  255  255  255  255  255  255  255  255  255  255  255
   11   11  255  255  255  255  255  255  255  255  255  255  255  255
  255  255  255  255  255  255   11  255  255  255  255  255

[Palette]
 11 =  DarkBlue
