[XSize]  20
[YSize]  16

[Picture]
    5    5    5    5    5    5    5    5    5    5    5    5    5    5
    5    5    5    5    2    2    5    5    5    5    5    5    5    5
    5    5    5    5    5    5    5    5    5    3    3    2    5    5
    5    5    5    5    5    5    5    5    5    5    5    5    5    5
    2    3    2    3    5    5    5    5    5    5    5    5    5    5
    5    5    5    5    5    3    2    2    2    2    5    5    5    5
    5    5    5    5    5    5    5    5    5    5    4    2    1    2
    2    2    5    5    5    5    5    5    5    5    5    5    5    5
    3    3    2    4    3    3    2    2    5    5    5    5    5    5
    5    5    5    4    2    2    2    3    2    2    2    3    3    2
    5    5    5    5    5    5    4    2    2    2    1    2    4    4
    3    2    2    2    3    3    5    5    5    5    4    4    4    4
    2    2    3    3    2    4    2    3    3    3    1    3    5    5
    5    2    4    4    4    4    4    4    2    3    2    4    4    2
    3    3    1    1    5    5    3    4    4    4    4    4    4    4
    2    4    3    2    4    4    2    2    3    3    5    5    3    2
    4    4    2    4    4    3    2    2    2    4    4    4    4    4
    2    2    5    2    2    2    4    4    3    2    4    2    3    3
    2    4    2    4    2    4    4    2    5    2    2    2    4    4
    3    2    4    4    2    3    4    4    4    4    4    2    2    4
    4    4    2    3    2    2    4    3    2    4    4    2    4    4
    4    4    4    4    4    4    4    4    4    2    3    2    4    2
    4    4    4    4    4    4    4    4    4    2    2    2

[Palette]
  1 =   StoneGray4
  2 =   StoneGray2
  3 =   StoneGray3
  4 =   StoneGray1
  5 =   StoneBlank
