[XSize]  20
[YSize]  16

[Picture]
  255  255   44  255  255  255  255  255  255  255  255  255  255  255
  255  255  255  255  255  255  255  255   44   44   44   44  255  255
  255  255  255  255  255  255  255   44   44   44  255  255  255  255
  255  255   43   43   43   41   41   41   41   41   43   43   44   44
  255  255  255  255  255  255  255  255  255  255   41   41   41   42
   41   41   41  255  255  255  255  255  255  255  255  255  255  255
   43   43   41   41   41   42   41   41   41  255  255  255  255  255
  255  255  255  255   44   44   43   43   41   41   41   41   41   41
   41   43   43   43   44   44   44   44   44   44   44  255  255   43
   43   41   41   41   41   41   43   43  255  255  255  255  255  255
   44  255  255   43   43   43   41   41   41   41   41   41   41   43
  255  255  255  255  255  255  255  255   44   43  255  255   11   12
   41   41   41   12   11   43  255  255  255  255  255  255  255   44
   44  255  255  255   43   41   11   41   11   41  255   43   43  255
  255  255  255  255   44   44  255  255  255  255   43  255  255  255
  255   43  255  255   43  255  255  255  255  255  255  255  255  255
  255   44   43  255  255  255  255   43   43  255   44   44  255  255
  255  255  255  255  255  255  255   44   43  255  255  255  255  255
   44  255  255   44   44  255  255  255  255  255  255  255  255   44
  255  255  255  255  255  255   44  255  255  255   44  255  255  255
  255  255  255  255  255   44  255  255  255  255  255  255   44  255
  255  255  255  255  255  255  255  255  255  255  255   44  255  255
  255  255  255  255   44  255  255  255  255  255  255  255

[Palette]
 11 =  DarkRed
 12 =  MediumRed
 41 =  StoneGray1
 42 =  StoneGray2
 43 =  StoneGray3
 44 =  StoneGray4
