[XSize]  20
[YSize]  16

[Picture]
  255  255  255  255  255    6    6    6    6   19    6    6    6    6
    6  255  255  255  255  255  255  255  255  255    6    6    6    6
   19    6    6    6    6    6    6    6  255  255  255  255  255  255
  255    6    6    6    6    6   19    6    6    6    6    6    6    6
    6  255  255  255  255  255  255    6    6    6    6    6    6    6
    6    6    6    6    6    6   19  255  255  255  255  255  255    6
    6    6    6  255    6    6    6    6  255    6    6   19    6  255
  255  255  255  255  255    6    6    6    6  255   13    6    6   13
  255    6    6    6    6  255  255  255  255  255  255    6    6    6
    6    6    6    6    6    6    6    6    6    6    6  255  255  255
  255  255  255  255    6    6    6    6  255  255  255  255    6    6
    6    6  255  255  255  255  255  255  255  255  255    6    6  255
    6    6    6    6  255    6    6  255  255  255  255  255  255  255
  255    6    6    6    6    6    6    6    6    6    6    6    6    6
    6  255  255  255  255    6    6    6  255  255  255  255  255    6
    6  255  255  255  255  255    6    6  255  255  255    6   19    6
  255  255    6    6    6    6    6    6    6    6  255  255   19    6
  255  255  255    6  255  255  255    6  255  255  255    6    6  255
  255  255    6  255  255  255  255  255  255  255  255    6    6    6
  255  255    6    6    6    6  255  255  255    6  255  255  255  255
  255  255    6  255    6  255    6  255  255  255  255  255  255  255
    6    6    6  255  255  255  255  255  255  255  255  255  255  255
  255  255  255  255  255    6  255    6  255    6  255  255

[Palette]
  6 =  LightGray2
 13 =  MediumRed
 19 =  MediumGray
