[XSize]  20
[YSize]  16

[Picture]
  255  255  255  255  255  255   24   24   24   24   24   24   24   24
   24  255  255  255  255  255  255  255  255  255  255   24   24   24
   24   24   24   23   24   24   24   24  255  255  255  255  255  255
  255  255   24   24   24   24   24   24   24   24   24   24   24   24
   24  255  255  255  255  255  255   24   24   24   24   24   25   24
   24   24   24   24   24   24   24   24  255  255  255  255  255   24
   24   24   24   24   25   25   24   24   24   24   24    1   24   24
   24  255  255  255  255   24   23   24   24   24   25   23   24   24
   24   24   24    6    1   24   24  255  255  255  255   24   24   24
   24   24   25   23   24   24   23   24   24    6    2   24   24  255
  255  255  255   24   24   24   24   24   24   24   24   24   24   24
   24   24   24   24   24  255  255  255  255  255   24   24   24   24
   24   25   25   24   24   24   24    6   24   24  255  255  255  255
  255  255    1    1   24   24   25   24   24   25   24   24   24    6
    1    1  255  255  255  255  255   26   26   26   26   26   24   24
   24   24   26   26   26   26   26  255  255  255  255  255  255   26
   26   26   26   26   26   24   24   24   24   26   26   26   26  255
  255  255  255   24   24    1    1    1    1    1    1    1   24   24
   24   24    1    1  255  255  255  255   24   24   24   24   26   26
   26   26   26   26   26   24   24   26   26  255  255  255  255  255
  255  255  255  255  255   26   26   26   24   24   24  255  255  255
  255  255  255  255  255  255  255  255  255  255  255  255  255  255
   24   24   24   24   24  255  255  255  255  255  255  255

[Palette]
  1 =  TrollBlack
  2 =  DarkBlue
  6 =  TrollGray
 23 =  TrollLightGreen
 24 =  TrollDarkGreen
 25 =  TrollDarkerGreen
 26 =  TrollPurple
