[XSize]  20
[YSize]  16

[Picture]
  255  255  255  255  255   24   24   24   24   24   24   24   24   24
   24  255  255  255  255  255  255  255  255  255   24   24   24   24
   24   24   24   24   23   24   24   24  255  255  255  255  255  255
  255   24   24   24   24   24   24   24   24   24   24   24   24   24
   24  255  255  255  255   24  255   24   24   23   24   24   24   24
   24   24   24   24   24   24   24  255   24  255  255   24   24   24
   24   24   24    1   24   24   24   24    1   24   24   24   24   24
   24  255  255   24   23   24   24   24   24    6    1   24   24    1
    6   24   24   24   24   23   24  255  255  255   23   24   24   24
   24    6    2   24   24    2    6   24   24   23   24   23  255  255
  255  255  255   24   24   24   24   24   24   24   24   24   24   24
   24   24   24  255  255  255  255  255  255  255   24   24   24    6
   24   24   24   24    6   24   24   24  255  255  255  255  255  255
  255  255   24   24   24    6    1    1    1    1    6   24   24   24
  255  255  255  255  255  255  255   24   26   24   24   23   24   24
   24   24   23   24   24   26   24  255  255  255  255  255   24   24
   26   26   26   26    1    1    1    1   26   26   26   26   24   24
   24  255  255  255   24   24  255   26   26   26   26   26   26   26
   26   26   26  255   24   24   24  255  255  255  255  255  255    1
    1    1    1    1    1    1    1    1    1  255  255   24   24  255
  255  255  255  255   24   24   24   26   26   26   26   26   26   24
   23   24  255  255  255  255  255  255  255  255   23   24   23  255
  255  255  255  255  255  255  255  255  255  255  255  255

[Palette]
  1 =  TrollBlack
  2 =  DarkBlue
  6 =  TrollGray
 23 =  TrollLightGreen
 24 =  TrollDarkGreen
 26 =  TrollPurple
