[XSize]  20
[YSize]  16

[Picture]
  255  255  255  255  255   24   24   24   24   24   24   24   24   24
   24  255  255  255  255  255  255  255  255  255   24   24   24   24
   24   24   24   24   23   24   24   24  255  255  255  255  255  255
  255   24   24   24   24   24   24   24   24   24   24   24   24   24
   24  255  255  255  255   24  255   24   24   24   24   24   23   24
   24   24   24   24   24   24   24  255   24  255  255   24   24   24
   24   24   24   24   24   24   24   24   24   24   24   24   24   24
   24  255  255   24   24   24   24   24   24   24   24   24   24   24
   24   24   24   24   24   24   24  255  255  255   24   24   24   24
   24   24   24   24   24   24   24   24   24   23   24   24  255  255
  255  255  255   24   24   24   24   23   24   24   24   24   24   24
   24   24   24  255  255  255  255  255  255  255   24   24   24   24
   24   24   24   24   24   24   24   24  255  255  255  255  255  255
  255  255   24   24   24   24   24   24   24   23   24   24   24   24
  255  255  255  255  255  255  255   24   26   24   24   24   24   24
   24   24   24   24   24   26   24  255  255  255  255  255   24   24
   26   26   26   26    1    1    1    1   26   26   26   26   24   24
   24  255  255  255   24   24  255   26   26   26   26   26   26   26
   26   26   26  255   24   24   24  255  255  255  255  255  255    1
    1    1    1   24   24    1    1    1    1  255  255   24   24  255
  255  255  255  255   24   24   24   26   26   26   24   26   26   24
   24   24  255  255  255  255  255  255  255  255   24   24   24  255
  255  255  255  255  255  255  255  255  255  255  255  255

[Palette]
  1 =  TrollBlack
 23 =  TrollLightGreen
 24 =  TrollDarkGreen
 26 =  TrollPurple
