[XSize]  20
[YSize]  16

[Picture]
   28   28   28   28   28   28   28   28   28   28   28   28   28   28
   28   28   28   28   28   28   28   28   28   28   28   28   28   28
   28   28   28   28   28   28   28   28   28   28   28   28   28   28
   28   28   28   28   28   28   28   28   28   28   28   28   28   28
   28   28   28   28   28   28   28   28   28   28   28   28   28   28
   28   28   28   28   28   28   28   28   28   28   28   28   28   28
   28   28   28   28   28   28   28   28   28   28   28   28   28   28
   28   28   28   28   28   28   28   28   28   28   28   28   28   28
   28   28   28   28   28   28   28   28   28   28   28   28   28   28
   28   28   28   28   28   28   28   28   28   28   28   28   28   29
   28   28   28   28   28   28   28   28   28   28   28   28   28   32
   32   32   32   32   32   29   28   28   28   28   28   28   28   28
   28   28   28   28   32   32   32   32   32   32   32   32   32   29
   28   28   28   28   28   28   28   28   28   28   29   29   29   29
   29   29   29   29   32   29   32   32   32   32   32   32   28   28
   28   28   28   28   32   32   32   32   32   29   29   32   32   32
   32   32   32   32   32   28   28   28   28   28   28   28   28   32
   32   29   29   29   29   29   29   29   29   29   29   28   28   28
   28   28   28   28   28   28   28   28   32   29   32   32   32   32
   32   28   28   28   28   28   28   28   28   28   28   29   33   33
   32   29   32   32   28   28   28   28   28   28   28   28   28   28
   28   28   33   33   29   29   33   28   28   28   28   28   28   28
   28   28   28   28   28   28   28   33   33   33   33   33

[Palette]
 28 =  Blank
 29 =  TreeGreen1
 32 =  TreeGreen4
 33 =  TreeGreen5
