[XSize]  20
[YSize]  16

[Picture]
    4    4    2    2    2    4    2    4    4    1    1    4    4    4
    4    2    2    4    4    2    2    4    4    2    2    2    4    4
    4    4    1    1    1    4    4    4    2    2    4    4    2    2
    2    4    2    2    4    4    2    4    1    1    4    2    3    3
    2    2    2    2    4    4    2    2    2    3    2    2    4    4
    1    1    4    4    3    3    4    4    4    4    4    4    4    2
    2    3    2    2    2    4    4    1    4    4    2    4    4    4
    4    4    4    4    4    4    2    3    3    2    4    2    4    4
    4    4    2    2    4    4    2    2    4    4    4    2    4    4
    3    3    2    2    3    2    4    1    4    4    3    2    4    2
    4    4    4    4    4    4    4    2    3    2    2    2    4    4
    4    2    4    2    2    2    1    4    4    4    4    4    4    4
    4    2    2    2    4    2    2    2    2    2    2    2    4    4
    2    4    4    4    4    4    4    2    2    3    2    2    2    3
    2    2    2    4    4    4    2    2    4    2    4    4    4    4
    2    4    2    2    2    2    2    2    3    2    4    4    4    2
    2    2    2    2    4    4    4    1    4    2    3    2    4    4
    2    3    4    4    4    4    4    2    4    2    4    4    1    1
    4    4    3    2    2    2    4    2    4    2    4    4    4    4
    4    2    2    2    4    1    4    4    2    3    3    2    4    4
    3    3    3    2    2    2    2    2    3    2    4    4    4    4
    4    2    2    2    4    4    2    2    4    3    4    3    3    2
    4    4    4    4    2    2    2    2    2    2    4    4

[Palette]
  1 =  StoneGray1
  2 =  StoneGray3
  3 =  StoneGray4
  4 =  StoneGray2
