[XSize]  20
[YSize]  16

[Picture]
    0    0    0    0    0    0    0    0    0    0    0    0    0    0
    0    0    0    0    0    0    0    0    0    0    0    0    0    1
    2    2    1    1    1    0    0    0    0    0    0    0    0    0
    0    0    1    1    1    1    1    1    1    1    1    1    1    1
    0    2    0    0    0    0    0    1    1    1    1    3    3    3
    3    3    3    1    1    2    2    2    0    0    0    0    1    1
    1    1    3    3    3    3    3    3    3    3    1    1    1    1
    0    0    0    0    1    1    1    3    3    3    3    3    3    3
    3    3    3    1    1    1    0    0    2    2    2    1    1    3
    3    3    3    3    3    3    3    3    3    1    1    1    1    2
    0    1    1    1    1    3    3    3    3    3    3    3    3    3
    3    1    1    2    2    0    0    1    1    1    1    3    3    3
    3    3    3    3    3    3    3    1    1    1    1    0    0    1
    1    1    1    3    3    3    3    3    3    3    3    3    3    1
    1    2    2    0    0    0    2    1    1    1    3    3    3    3
    3    3    3    3    1    1    1    1    0    0    0    0    2    1
    1    2    1    3    3    3    3    3    3    1    1    1    1    1
    0    0    0    0    0    1    1    2    1    1    1    1    1    1
    1    1    1    2    2    0    0    0    0    0    0    0    2    1
    1    1    1    1    1    1    1    1    1    1    0    2    0    0
    0    0    0    2    0    0    0    2    2    1    1    1    1    0
    0    0    0    0    0    0    0    0    0    0    0    0    0    0
    0    0    0    0    0    0    0    0    0    0    0    0

[Palette]
  0 =  Blank
  1 =  TreeBrown2
  2 =  TreeBrown3
  3 =  TreeBrown4
