[XSize]  20
[YSize]  16

[Picture]
  255  255  255  255   22   22   22   22   22   22   22   22   22   22
   22   22  255  255  255  255  255  255  255   22   25   25   25   25
   25   25   25   25   25   25   25   25   22  255  255  255  255  255
   22   25   25   25   25   25   25   25   25   25   25   18   25   25
   25   22  255  255  255   25   22   25   25   18   25   25   25   25
   25   25   25   25   25   25   25   22   25  255  255   25   25   25
   25   25   25    1   25   25   25   25    1   25   25   25   25   25
   25  255  255   25   18   25   25   25   25    5    1   25   25    1
    5   25   25   25   25   18   25  255  255   22   18   25   25   25
   25    5   30   25   25   30    5   25   25   18   25   18   22  255
  255   22   22   25   25   25   25   25   25   25   25   25   25   25
   25   25   25   22   22  255  255   22   22   22   25   25   25    5
   25   25   25   25    5   25   25   25   22   22   22  255  255   22
   22   22   25   25   25    5    1    1    1    1    5   25   25   25
   22   22   22  255  255   22   22   22   22   25   25   18   25   25
   25   25   18   25   25   22   22   22   22  255  255    1   22   22
   22   22   22    1   22   22   22   22    1   22   22   22   22   22
    1  255  255   22    1   22   22   22   22    1   25   22   22   25
    1   22   22   22   22    1  255  255   22   22   22    1    1    1
    1    1   25   22   22   25    1    1    1    1    1   22  255  255
   22   22   22   22   22   22   22   22   22   22   22   22   22   22
   22   22   22   22   22  255   22   22   22   22   22   22   22   22
   22   22   22   22   22   22   22   22   22   22   22  255

[Palette]
  1 =  Black
  5 =  LightGray
 18 =  MediumGray
 22 =  TrollPurple
 25 =  TrollDarkGray
 30 =  TreeGreen1
