[XSize]  20
[YSize]  16

[Picture]
  255  255    7    7    7    7    7  255  255  255  255  255  255  255
  255  255  255  255  255  255  255  255    7   10   10    7    7    7
    7  255  255  255  255  255  255  255  255  255  255  255  255  255
    7    7    7    7    7    7    7    7    7    7    7    7    7    7
    7  255  255  255  255    7    7    6    7    7    7    7    7    7
    7    7    7    7    7    6    7  255  255  255  255    7    7    7
    7    7    7    6    7    7    7    7    6    7    7    7    7    7
  255  255  255  255    8    8    7    7    7    7    7    7    6    7
    7    7    7    7    7    7  255  255  255  255    8    8    8    7
    7    7    7    7    7    7    7    6    6    6    7    7    7  255
  255  255    8    8    8    7    7    7    7    7    7    7    6    6
    6    6    6    7    6  255  255    6    6    8    8    7    7    7
    7    7    7    7    6    6    6    6    6    7    6  255  255    6
    6    6    6    6    6    7    6    7    7    7    6    6    6    6
    6    7    7  255  255  255  255    6    6    6    6    7    7    7
    7    7    6    6    6    6    6    6    7  255  255  255  255  255
    8    8    8    8    7    7    7    6    7    6    6    6    6    6
    6  255  255  255  255  255  255    8    8    8    8    8    7    7
    7    7    7    7    7    6    6    6  255  255  255  255  255  255
  255  255  255  255    8    8    7    7    7    7    7    7    6    6
  255  255  255  255  255  255  255  255  255  255  255  255  255  255
  255  255  255  255    6    6  255  255  255  255  255  255  255  255
  255  255  255  255  255  255  255  255  255    6    6    6

[Palette]
  6 =  DarkBlue
  7 =  MediumBlue
  8 =  LightBlue
 10 =  LightGray
