[XSize]  20
[YSize]  16

[Picture]
   41   41   41   41   41   41   41   41   40   41   41   41   41   41
   41   41   40   41   41   41   42   42   42   42   42   42   42   40
   41   41   41   41   41   41   41   40   42   42   42   42   42   42
   42   42   42   42   40   41   41   41   41   41   41   41   40   42
   42   42   42   42   42   42   43   43   43   40   41   41   41   41
   41   41   41   40   43   43   43   42   42   42   42   43   39   43
   40   41   41   41   41   41   41   41   40   43   39   43   39   43
   42   42   42   43   39   43   39   40   41   41   41   41   41   41
   41   40   39   43   39   43   42   42   42   43   39   43   39   43
   40   41   41   41   41   41   41   41   40   43   39   43   42   42
   42   43   43   43   43   43   43   40   41   41   41   41   41   41
   41   40   43   43   42   42   42   42   42   42   42   42   42   42
   40   41   41   41   41   41   41   41   40   42   42   42   42   42
   42   42   42   42   42   40   41   41   41   41   41   41   41   40
   42   42   42   42   42   42   42   42   42   42   40   41   41   41
   41   41   41   41   40   42   42   42   42   42   42   42   42   42
   42   40   41   41   41   41   41   41   41   40   42   42   42   42
   40   42   42   42   42   42   40   41   41   41   41   41   41   41
   40   42   42   42   42   42   40   42   42   42   42   40   41   41
   41   41   41   41   41   40   42   42   42   42   42   42   42   42
   42   42   40   41   41   41   41   41   41   41   40   42   42   42
   42   42   42   42   42   42   42   40   42   42   42   42   42   42
   42   40   42   42   42   42   42   42   40   42   42   42

[Palette]
 39 =  StoneBlank
 40 =  StoneGray1
 41 =  StoneGray2
 42 =  StoneGray3
 43 =  StoneGray4
