[XSize]  20
[YSize]  16

[Picture]
  255  255  255  255  255  255  255  255  255  255  255  255  255    3
    3    3  255  255  255  255  255  255  255  255  255  255  255  255
  255  255  255  255    3    3    3    3  255  255  255  255  255  255
  255  255  255  255  255  255  255  255  255    3    3    3  255  255
  255  255  255  255  255  255  255  255  255    3    3    3    3    3
  118    3    3    3    3  255  255  255  255  255  255  255  255    3
    3    3    3    3    3    3    3    3    3    3    3    3    3    3
  255  255  255  255    3    3    3  118    3    3    3  118    3    3
    3  118    3    3    3    3  255  255  255    3    3    3    3    3
    3    3    3    3    3    3    3    3    3    3    3    3    3  255
    3    3    3    3    3    3    3  118    3    3    3    3    5    3
    3    3    3  118    3    3  118    3    3    3  118    3    3    3
    3    3    3    5    5    5    5    5    3    3    3    3    3    3
    3    3    3    3    3    3    3    3    3    3    5    5    4    4
    4    4    4    4    3    3    3    3    3    3    3  118    3    3
    3    3    3    3    3    4    4    4    4    4  255    3    3  118
    3    3    3    3    3    3    3    3  118    3    3    3    3    3
    3  255  255    3    3    3    3    3    3    3  118    3    3    3
    3    3    3    3    3  118    3  255  255  255    3    3    3  118
    3    3    3    3    3    3    3    3    3    3    3    3  255  255
  255  255  255    3    3    3    3    3    3    3    3    3  118    3
    3    3    3  255  255  255  255  255  255  255  255    3    3    3
  118    3    3    3    3    3    3  255  255  255  255  255

[Palette]
  3 =  DarkBlue
  4 =  LightBlue
  5 =  LightGray
118 =  MediumBlue
