[XSize]  10
[YSize]  10

[Picture]
  255  255  255  255  255  255  255  255  255  255  255  255  255  255
  255  255  255  255  255  255  255  255  255  255  255  255  255  255
  255  255  255  255  255  255  255  255  255  255  255  255  255  255
  255  255  255  255  255  255  255  255  255  255  255  255  255  255
  255  255  255  255  255  255   13   13   13   13   13   13  255  255
  255   13   13   13   13   13   13   13   13  255  255   13   13    5
   13   13    5   13   13  255  255  255   13   13   13   13   13   13
  255  255

[Palette]
  5 =  LightGray
 13 =  LightRed
