[XSize]  20
[YSize]  16

[Picture]
  255  255  255  255  255    1    1    1    1  255  255  255    1    1
    1    1  255  255  255  255  255  255  255  255    1    2    1    1
    2    1  255    1    2    1    1    2    1  255  255  255  255  255
  255  255    1    1  255  255  255    1  255    1  255  255  255    1
    1  255  255  255  255  255  255  255  255    2    1    1  255    1
    1    1  255    1    1    2  255  255  255  255  255  255  255  255
  255  255  255  255    1    1    1    1    1  255  255    3  255  255
  255  255  255  255  255  255  255  255    3    3    1    2    2    2
    1    3    3  255  255  255  255  255  255  255  255  255  255  255
    3    3    1    1    1    1    1  255  255    3  255  255  255  255
  255  255  255  255  255    3  255  255    1    2    2    2    1    3
    3  255  255  255  255  255  255  255  255  255  255  255  255  255
    1    1    1    1    1  255  255  255  255  255  255  255  255  255
  255  255  255    3    3    3    1    2    2    2    1    3    3  255
  255  255  255  255  255  255  255  255  255  255  255  255  255    4
    1    4  255  255  255    3  255  255  255  255  255  255  255  255
  255  255  255    1    1    1    1    1    1    1  255  255  255  255
  255  255  255  255  255  255  255    1    2    1    1    1    1    1
    1    1    2    1  255  255  255  255  255  255  255  255    1    1
    1  255  255  255  255  255  255  255    1    1    1  255  255  255
  255  255  255    2    1  255  255  255  255  255  255  255  255  255
  255  255    1    2  255  255  255  255    1    1  255  255  255  255
  255  255  255  255  255  255  255  255  255    1    1  255

[Palette]
  1 =   MediumBlue
  2 =   DarkBlue
  3 =   LightBlue
  4 =   LightGray
