[XSize]  20
[YSize]  16

[Picture]
   43   41   41   41   41   41   41   41   41   41   41   41   41   41
   41   41   41   41   41   43   41   43   41   41   41   41   41   41
   41   41   41   41   41   41   41   41   41   41   43   42   41   41
   43   41   41   41   41   41   41   41   41   41   41   41   41   41
   41   43   42   42   41   41   41   43   41   41   41   41   41   41
   41   41   41   41   41   41   43   42   42   42   41   41   41   41
   43   41   41   41   41   41   41   41   41   41   41   43   42   42
   42   42   41   41   41   41   41   40   40   40   40   40   40   40
   40   40   40   42   42   42   42   42   41   41   41   41   41   40
   40   40   40   40   40   40   40   40   40   42   42   42   42   42
   41   41   41   41   41   40   40   40   40   40   40   40   40   40
   40   42   42   42   42   42   41   41   41   41   41   40   40   40
   40   40   40   40   40   40   40   42   42   42   42   42   41   41
   41   41   41   40   40   40   40   40   40   40   40   40   40   42
   42   42   42   42   41   41   41   41   41   40   40   40   40   40
   40   40   40   40   40   42   42   42   42   42   41   41   41   41
   43   42   42   42   42   42   42   42   42   42   42   43   42   42
   42   42   41   41   41   43   42   42   42   42   42   42   42   42
   42   42   42   42   43   42   42   42   41   41   43   42   42   42
   42   42   42   42   42   42   42   42   42   42   42   43   42   42
   41   43   42   42   42   42   42   42   42   42   42   42   42   42
   42   42   42   42   43   42   43   42   42   42   42   42   42   42
   42   42   42   42   42   42   42   42   42   42   42   43

[Palette]
 40 =  StoneGray1
 41 =  StoneGray2
 42 =  StoneGray3
 43 =  StoneGray4
