[XSize]  20
[YSize]  16

[Picture]
   37   38   38   38   37   37   39   37   37   38   37   38   37   37
   37   38   39   37   37   37   37   37   38   37   37   38   39   37
   37   38   37   38   38   37   37   38   39   37   37   37   37   37
   37   37   37   37   38   38   37   37   37   37   37   37   37   38
   37   38   38   37   37   37   37   39   37   37   37   38   37   37
   37   37   38   38   37   37   37   38   38   37   38   37   38   39
   37   38   37   37   37   38   37   37   38   38   37   37   37   37
   38   37   37   37   38   37   37   38   38   37   38   38   37   37
   37   37   37   37   38   37   37   37   38   37   37   37   37   38
   37   37   37   37   37   37   38   37   37   37   38   38   37   37
   38   38   37   37   37   37   37   38   37   37   39   37   38   38
   37   37   37   37   37   37   37   37   37   39   38   37   37   38
   38   37   38   37   37   37   37   38   39   37   38   38   37   37
   38   39   37   37   38   37   38   37   38   37   37   38   37   37
   39   37   37   38   38   37   38   37   37   38   38   37   37   37
   37   37   37   38   37   37   37   37   37   38   38   37   38   37
   37   37   37   37   37   37   37   37   38   37   37   38   37   38
   37   37   38   38   37   37   37   39   37   37   38   38   37   38
   37   37   39   37   37   38   38   37   37   37   37   37   38   39
   37   37   38   37   37   38   37   37   39   37   37   38   38   37
   37   37   38   37   37   39   37   37   38   38   37   38   37   37
   38   38   37   38   37   37   37   37   38   37   37   38   37   37
   37   37   37   37   39   37   37   37   38   37   37   37

[Palette]
 37 =  TreeBrown2
 38 =  TreeBrown3
 39 =  TreeBrown4
