[XSize]  20
[YSize]  16

[Picture]
   28   28   28   28   28   28   28   28   28   33   33   33   33   33
   29   29   29   28   28   28   28   28   28   28   28   28   29   33
   33   33   33   33   29   29   33   33   33   28   28   28   28   28
   28   28   33   33   33   29   29   33   33   29   33   33   33   33
   28   28   28   28   28   28   28   33   33   33   33   33   33   29
   29   33   33   33   33   28   28   28   28   28   28   28   29   33
   33   33   33   29   29   33   33   29   33   33   28   28   28   28
   28   28   33   33   33   29   33   29   29   33   33   33   33   33
   29   28   28   28   28   28   28   28   33   33   33   33   29   33
   29   33   33   33   33   28   28   28   28   28   28   28   28   28
   33   33   29   29   33   33   33   29   33   33   28   28   28   28
   28   28   28   28   28   28   29   29   33   33   33   33   33   29
   28   28   28   28   28   28   28   28   28   28   28   28   33   33
   33   28   28   28   28   28   28   28   28   28   28   28   28   28
   28   28   28   28   29   33   33   33   33   28   28   28   28   28
   28   28   28   28   28   28   28   28   28   28   33   29   29   33
   33   33   29   29   28   28   28   28   28   28   28   28   28   28
   28   28   33   33   33   29   29   29   33   33   33   33   33   28
   28   28   28   28   28   28   28   28   33   33   29   33   33   29
   29   33   33   33   33   33   33   29   28   28   28   28   28   28
   33   29   33   33   33   33   33   29   29   33   33   29   29   33
   33   28   28   28   28   28   29   33   33   33   33   33   33   29
   33   29   29   33   33   33   33   33   28   28   28   28

[Palette]
 28 =  Blank
 29 =  TreeGreen1
 33 =  TreeGreen5
