[XSize]  20
[YSize]  16

[Picture]
  255  255  255  255  255  255  255  255  255   77   77  255  255  255
  255  255  255  255  255  255  255  255  255  255  255  255  255  255
   77   77   77   77  255  255  255  255  255  255  255  255  255  255
  255  255  255  255  255  255   77   77   77   77  255  255  255  255
  255  255  255  255  255  255  255  255  255  255  255  255   77   77
   77   77  255  255  255  255  255  255  255  255  255  255  255  255
  255  255  255  255   77   77   77   77  255  255  255  255  255  255
  255  255  255  255  255  255  255  255  255  255   77   77   77   77
  255  255  255  255  255  255  255  255  255  255  255  255  255  255
  255  255   77   77   77   77  255  255  255  255  255  255  255  255
  255  255  255  255  255  255  255  255   77   77   77   77  255  255
  255  255  255  255  255  255  255  255  255  255  255  255  255  255
   77   77   77   77  255  255  255  255  255  255  255  255  255  255
  255  255  255  255  255  255   77   77   77   77  255  255  255  255
  255  255  255  255  255  255  255  255  255  255   78  255   77   77
   77   77  255   78  255  255  255  255  255  255  255  255  255  255
  255  255  255   78   78   78   78   78   78  255  255  255  255  255
  255  255  255  255  255  255  255  255  255  255   79   79   79   79
  255  255  255  255  255  255  255  255  255  255  255  255  255  255
  255  255  255   79   79  255  255  255  255  255  255  255  255  255
  255  255  255  255  255  255  255  255  255   79   79  255  255  255
  255  255  255  255  255  255  255  255  255  255  255  255  255  255
  255   79   79  255  255  255  255  255  255  255  255  255

[Palette]
 77 =  White
 78 =  LightGray2
 79 =  MediumGray
