[XSize]  20
[YSize]  16

[Picture]
    0    0    0    1    1    1    2    3    3    3    4    4    3    4
    1    1    0    0    0    0    0    0    1    5    6    4    3    6
    6    6    4    4    7    3    3    6    4    0    0    0    0    0
    5    4    3    4    4    2    2    2    4    4    3    6    6    7
    7    2    2    0    0    0    2    2    2    2    2    2    4    4
    4    4    2    4    4    4    6    6    3    0    0    0    2    4
    4    4    4    4    4    4    4    4    4    4    4    4    2    2
    4    0    0    0    2    4    2    2    2    4    4    4    4    4
    4    4    4    4    2    2    2    0    0    0    2    2    4    2
    2    2    2    2    4    2    2    2    2    2    4    4    4    0
    0    0    2    4    2    4    2    2    2    2    2    2    2    2
    2    2    2    2    0    0    0    0    0    2    2    2    2    2
    2    2    5    5    2    2    2    2    0    0    0    0    0    0
    0    0    0    2    8    8    9    9    9    9   10    5    0    0
    0    0    0    0    0    0    0    0    0    0    8    8    9    9
    9    9    9    0    0    0    0    0    0    0    0    0    0    0
    0    0    8   11    8    8    8   11   11    0    0    0    0    0
    0    0    0    0    0    0    0    0   11    8    8    8   11    8
    9    0    0    0    0    0    0    0    0    0    0    0    0    0
    9    8   11   11    8    8   11    9    0    0    0    0    0    0
    0    0    0    0    0    8   11    8    8    8   11    8    8    9
    0    0    0    0    0    0    0    0    0    0    0    1    1    1
    1    1    1    1    1    1    1    0    0    0    0    0

[Palette]
  0 =  Blank
  1 =  Blank
  2 =  TreeGreen2
  3 =  TreeGreen4
  4 =  TreeGreen3
  5 =  TreeGreen1
  6 =  TreeGreen5
  7 =  TreeGreen6
  8 =  TreeBrown3
  9 =  TreeBrown2
 10 =  TreeBrown1
 11 =  TreeBrown4
