[XSize]  10
[YSize]  10

[Picture]
  255  255  255   11   11   11   11  255  255  255  255  255   11   12
   12   12   12   11  255  255  255   11   12   11   11   11   11   12
   11  255   11   12   11   11   11   11   11   11   12   11   11   12
   11   11   11   11   11   11   12   11   11   12   11   11   11   11
   11   11   12   11   11   12   11   11   11   11   11   11   12   11
  255   11   12   11   11   11   11   12   11  255  255  255   11   12
   12   12   12   11  255  255  255  255  255   11   11   11   11  255
  255  255

[Palette]
 11 =  DarkBlue
 12 =  MediumBlue
