[XSize]  16
[YSize]  16

[Picture]
  255  255  255  255  255  255  255  255  255  255  255  255  255  255
  255  255  255  255  255  255  255  255  255  255  255  255  255  255
  255  255  255  255  255  255  255  255  255  255  255  255  255  255
  255  255  255  255  255  255  255  255  255  255  255  255  255  255
  255  255  255  255  255  255  255  255  255  255  255  255  255  255
  255  255  255  255  255  255  255  255  255  255  255  255   11   11
  255  255  255  255  255  255  255  255  255  255  255  255  255   28
    1   28   11   11   11   11  255  255  255  255   11   11   11   11
  255   28   28   28   28   28   28   28   28   11   28   11   11   11
   11  255   13   13   28   11   11   28   11   11   28   11   11   11
  255  255  255  255  255  255  255   11   28   28   28   28   28   11
  255  255  255  255  255  255  255  255  255  255   11   11   28   28
   28   28   11  255  255  255  255  255  255  255  255  255  255  255
   11   11   28   28   28   11  255  255  255  255  255  255  255  255
  255  255  255  255   11   11   11   11  255  255  255  255  255  255
  255  255  255  255  255  255  255  255  255  255  255  255  255  255
  255  255  255  255  255  255  255  255  255  255  255  255  255  255
  255  255  255  255  255  255  255  255  255  255  255  255  255  255
  255  255  255  255

[Palette]
  1 =  DarkBlue
 11 =  DarkRed
 13 =  LightRed
 28 =  LightGold
