[XSize]  23
[YSize]  6

[Picture]
  255  255  255   13   13   13  255  255  255  255  255  255  255  255
  255  255  255  255  255   13   13   13  255  255  255  255   13   13
   13   13  255  255  255  255  255  255  255  255  255  255  255  255
   13   13   13   13  255  255  255   13   13   13   13  255  255  255
  255  255  255  255  255  255  255  255  255   13   13   13   13  255
  255  255   13   13   13   13  255  255  255  255  255  255  255  255
  255  255  255  255   13   13   13   13  255  255  255   13   13   13
   13  255  255  255  255  255  255  255  255  255  255  255  255   13
   13   13   13  255  255  255   13   13  255  255  255  255  255  255
  255  255  255  255  255  255  255  255  255   13   13   13

[Palette]
 13 =  LightRed
