[XSize]  10
[YSize]  10

[Picture]
   18   18   18   18   18   18   18   18   18   18   18   17   17   17
   17   17   17   17   17   18   18   17   17   17   17   17   17   17
   17   18   18   18   17   17   17   17   17   17   18   18   18   18
   17   17   17   17   17   17   18   18   18   18   18   17   17   17
   17   18   18   18   18   18   18   17   17   17   17   18   18   18
   18   18   18   18   17   17   18   18   18   18   18   18   18   18
   17   17   18   18   18   18   18   18   18   18   18   18   18   18
   18   18

[Palette]
 17 =  LightGray2
 18 =  MediumGray
