[XSize]  20
[YSize]  16

[Picture]
  255  255  255  255  255  255  255  255  255  255  255  255  255  255
  255  255  255  255  255  255  255  255  255   14   73   73   15   15
   73   73   14   15   73   14   14  255  255  255  255  255  255  255
   14   14   73   15   14   73   73   15   15   14   73   73   15   15
  255  255  255  255  255   73   73   15   15    0   73   14   73   14
   14   73    0   14   14   73  255  255  255  255  255   73   14   14
   73    0    0    0   15   15    0    0    0   73   73   14  255  255
  255  255  255   15   73   14   14   73    0    0   73   73    0    0
   73   73   15   15   73  255  255  255  255   14   73   73   15   15
   73   73   14   14   73   73   15   15   73   73   14  255  255  255
  255   73   73   14   14   73   73   15   15   73   73   14   14   73
   73   15   15  255  255  255  255  255   15   73   14   14   73   15
   14   73   15   73   14   14   73   15   14  255  255  255  255  255
   14   73   73   15   15   73   73   14   14   73   73   15   15   73
  255  255  255  255  255  255   73   73   14   14   73   73   15   15
   73   73   14   14   73  255  255  255  255  255  255  255  255   15
   15   15   73   14   14   73   15   14   73   73   73  255  255  255
  255  255  255  255  255  255   14   14   73   73   15   15   73   73
   14   14  255  255  255  255  255  255  255  255  255  255  255   73
   73   14   14   73   73   15   15  255  255  255  255  255  255  255
  255  255  255  255  255  255   15   15   14   14   15   15  255  255
  255  255  255  255  255  255  255  255  255  255  255  255  255   14
   14   15   15  255  255  255  255  255  255  255  255  255

[Palette]
  0 =   Black
 14 =   LightGray2
 15 =   White
 73 =   MediumGray
