[XSize]  20
[YSize]  16

[Picture]
   37   27   27   37   37   38   37   37   37   37   37   37   39   37
   37   37   38   27   27   37   37   27   27   28   28   28   28   28
   28   28   28   28   28   28   28   28   28   27   27   37   37   27
   27   27   27   27   27   27   27   27   27   27   27   27   27   27
   27   27   27   37   38   27   27   37   37   39   37   37   38   38
   37   38   37   37   39   37   37   27   27   37   38   27   27   37
   37   37   37   37   37   37   37   37   38   37   37   38   37   27
   27   37   38   27   27   28   28   28   28   28   28   28   28   28
   28   28   28   28   28   27   27   38   37   27   27   27   27   27
   27   27   27   27   27   27   27   27   27   27   27   27   27   38
   37   27   27   39   38   37   37   38   38   37   38   37   37   37
   37   38   39   27   27   38   38   27   27   37   37   37   37   38
   37   37   39   37   38   38   37   37   37   27   27   37   38   27
   27   28   28   28   28   28   28   28   28   28   28   28   28   28
   28   27   27   37   37   27   27   27   27   27   27   27   27   27
   27   27   27   27   27   27   27   27   27   37   38   27   27   39
   37   38   37   37   37   38   37   37   38   38   37   37   37   27
   27   37   37   27   27   39   37   37   37   38   37   37   37   37
   38   38   37   37   37   27   27   37   37   27   27   28   28   28
   28   28   28   28   28   28   28   28   28   28   28   27   27   37
   37   27   27   27   27   27   27   27   27   27   27   27   27   27
   27   27   27   27   27   37   37   27   27   38   37   37   39   37
   37   38   37   38   37   37   37   38   39   27   27   37

[Palette]
 27 =  DarkGold
 28 =  LightGold
 37 =  TreeBrown2
 38 =  TreeBrown3
 39 =  TreeBrown4
