[XSize]  20
[YSize]  16

[Picture]
    0    0    1    1    1    0    1    1    2    0    0    0    1    1
    1    0    1    1    2    0    0    0    1    2    1    0    0    0
    1    1    0    0    1    2    1    0    0    0    1    1    0    2
    0    0    1    1    0    1    2    1    0    2    0    0    1    1
    0    1    2    1    0    1    1    0    0    0    0    2    1    0
    0    1    1    0    0    0    0    2    1    0    0    1    1    1
    1    2    0    1    2    0    0    1    1    1    1    2    0    1
    2    0    0    0    0    0    1    1    1    0    0    1    0    0
    0    0    1    1    1    0    0    1    0    1    0    1    0    0
    1    1    1    1    0    1    0    1    0    0    1    1    1    1
    0    1    0    0    0    1    1    0    0    0    0    1    0    0
    0    1    1    0    0    0    0    0    1    1    1    0    1    1
    2    0    0    0    1    1    1    0    1    1    2    0    0    0
    1    2    1    0    0    0    1    1    0    0    1    2    1    0
    0    0    1    1    0    2    0    0    1    1    0    1    2    1
    0    2    0    0    1    1    0    1    2    1    0    1    1    0
    0    0    0    2    1    0    0    1    1    0    0    0    0    2
    1    0    0    1    1    1    1    2    0    1    2    0    0    1
    1    1    1    2    0    1    2    0    0    0    0    0    1    1
    1    0    0    1    0    0    0    0    1    1    1    0    0    1
    0    1    0    1    0    0    1    1    1    1    0    1    0    1
    0    0    1    1    1    1    0    1    0    0    0    1    1    0
    0    0    0    1    0    0    0    1    1    0    0    0

[Palette]
  0 =  DarkBlue
  1 =  MediumBlue
  2 =  LightBlue
