[XSize]  20
[YSize]  16

[Picture]
    0    1    1    0    2    0    1    2    2    0    0    1    1    0
    2    0    1    2    2    0    0    0    0    0    2    2    0    2
    0    1    0    0    0    0    2    2    0    2    0    1    1    0
    0    1    1    0    0    1    0    0    1    0    0    1    1    0
    0    1    0    0    1    0    0    1    1    1    1    1    0    0
    1    0    0    1    1    1    1    1    0    0    1    0    0    1
    1    1    0    0    0    1    1    0    0    1    1    1    0    0
    0    1    0    0    2    0    2    0    1    0    0    1    0    0
    2    0    2    0    1    0    0    1    0    0    0    1    0    2
    0    0    1    1    0    0    0    1    0    2    0    0    1    1
    0    1    1    1    0    0    0    0    0    1    0    1    1    1
    0    0    0    0    0    1    0    1    1    0    2    0    1    2
    2    0    0    1    1    0    2    0    1    2    2    0    0    0
    0    0    2    2    0    2    0    1    0    0    0    0    2    2
    0    2    0    1    1    0    0    1    1    0    0    1    0    0
    1    0    0    1    1    0    0    1    0    0    1    0    0    1
    1    1    1    1    0    0    1    0    0    1    1    1    1    1
    0    0    1    0    0    1    1    1    0    0    0    1    1    0
    0    1    1    1    0    0    0    1    0    0    2    0    2    0
    1    0    0    1    0    0    2    0    2    0    1    0    0    1
    0    0    0    1    0    2    0    0    1    1    0    0    0    1
    0    2    0    0    1    1    0    1    1    1    0    0    0    0
    0    1    0    1    1    1    0    0    0    0    0    1

[Palette]
  0 =  MediumBlue
  1 =  DarkBlue
  2 =  LightBlue
