[XSize]  20
[YSize]  16

[Picture]
  255  255  255  255  255  255  255  255  255  255  255  255  255  255
  255  255  255  255  255  255  255  255  255  255  255  255  255  255
  255  255  255  255  255  255  255  255  255  255  255  255  255  255
  255  255  255  255   11  255  255  255  255  255  255  255  255  255
  255  255  255  255  255  255  255  255  255   11   11  255  255  255
  255  255  255  255  255  255  255  255  255  255  255  255  255  255
   13   11   11  255  255  255  255  255  255  255  255  255  255  255
  255  255  255  255  255   11   13   11   11  255  255  255  255  255
  255  255  255  255  255  255  255  255  255  255  255   11   13   11
   11  255  255  255  255  255  255  255  255  255  255  255  255  255
  255  255  255   15   13   15   11  255  255  255  255  255  255  255
  255  255  255  255  255  255  255  255  255   15   15   15   11  255
  255  255  255  255  255  255  255  255  255  255  255  255  255  255
  255   15   15   11   11  255  255  255  255  255  255  255  255  255
  255  255  255  255  255  255  255   15   15   11   11  255  255  255
  255  255  255  255  255  255  255  255  255  255  255  255  255   15
   13   11   11  255  255  255  255  255  255  255  255  255  255  255
  255  255  255  255  255   15   13   11   11  255  255  255  255  255
  255  255  255  255  255  255  255  255  255  255  255   11   15   11
  255  255  255  255  255  255  255  255  255  255  255  255  255  255
  255  255  255   11   13  255  255  255  255  255  255  255  255  255
  255  255  255  255  255  255  255  255  255   11  255  255  255  255
  255  255  255  255  255  255  255  255  255  255  255  255

[Palette]
 11 =  DarkBlue
 13 =  LightBlue
 15 =  LightGray
