[XSize]  20
[YSize]  16

[Picture]
  255  255  255  255  255  255  255  255  255  255  255  255  255  255
  255  255  255  255  255  255  255  255  255  255  255  255  255  255
  255  255  255  255  255  255  255  255  255  255  255  255  255  255
  255  255  255  255  255  255  255  255  255  255  255  255  255  255
  255  255  255  255  255  255  255  255  255  255  255  255  255  255
  255  255  255  255  255  255  255  255  255  255  255   44   44   44
   44   44   44   44  255  255  255  255  255  255  255  255  255  255
  255  255  255   44   44   44   44   44   44   44   45  255  255  255
  255  255  255  255  255  255  255  255  255   44   44  255  255   44
   44   44   45  255  255  255  255  255  255  255  255  255   45  255
  255   44   44  255  255   44   44   44   45  255  255  255   45  255
  255  255   45  255   45  255  255   44   44  255  255   44   44   44
   44   44   44   44   44   44   44   44   44   44   44  255  255   44
   44  255  255   44   44   44   44   44   44   44   44   44   44   44
   44   44   44  255  255   44   44   44   44   44   44   44   45  255
  255  255  255  255  255  255  255  255  255  255  255   45   44   44
   44   44   44   44  255  255  255  255  255  255  255  255  255  255
  255  255  255  255  255  255  255  255  255  255  255  255  255  255
  255  255  255  255  255  255  255  255  255  255  255  255  255  255
  255  255  255  255  255  255  255  255  255  255  255  255  255  255
  255  255  255  255  255  255  255  255  255  255  255  255  255  255
  255  255  255  255  255  255  255  255  255  255  255  255  255  255
  255  255  255  255  255  255  255  255  255  255  255  255

[Palette]
 44 =  Pyramid2
 45 =  Pyramid3
