[XSize]  20
[YSize]  16

[Picture]
    0    1    2    2    0    1    0    3    3    3    3    0    0    0
    0    0    3    3    3    3    0    0    1    1    1    0    0    0
    3    3    0    0    0    0    3    0    3    3    3    4    0    1
    0    0    3    3    0    0    0    0    3    3    0    0    3    3
    3    3    4    4    0    3    3    0    0    3    3    3    3    0
    3    0    3    0    3    3    3    3    4    4    3    3    0    3
    3    3    3    3    0    3    3    3    3    3    3    3    3    4
    4    4    0    0    2    0    1    0    3    0    3    3    3    3
    3    3    3    3    4    4    4    4    3    3    1    1    0    0
    0    3    3    3    3    0    3    3    3    3    4    4    4    4
    3    3    0    3    3    0    0    3    3    3    0    3    3    3
    3    4    4    4    4    4    3    3    0    0    3    3    3    3
    3    3    3    3    3    3    1    4    4    4    4    4    3    3
    3    3    3    3    3    3    3    3    3    3    0    4    4    4
    4    4    4    4    3    3    3    3    3    3    3    0    1    0
    0    4    4    4    4    4    4    4    4    4    3    3    3    0
    3    0    3    4    4    4    4    4    4    4    4    4    4    4
    4    4    0    0    0    3    3    4    4    4    4    4    4    4
    4    4    4    4    4    4    4    4    3    0    4    4    4    4
    4    4    4    4    4    4    4    4    4    4    4    4    4    4
    3    4    4    4    4    4    4    4    4    4    4    4    4    4
    4    4    4    4    4    4    4    4    4    4    4    4    4    4
    4    4    4    4    4    4    4    4    4    4    4    4

[Palette]
  0 =  StoneGray2
  1 =  StoneGray3
  2 =  StoneGray4
  3 =  StoneGray1
  4 =  StoneBlank
