[XSize]  20
[YSize]  16

[Picture]
  255  255  255  255  255  255  255  255  255    3    3  255  255  255
  255  255  255  255  255  255  255  255  255  255  255  255  255  255
    3    3    3    3  255  255  255  255  255  255  255  255  255  255
  255  255  255  255  255  255    3    3    3    3  255  255  255  255
  255  255  255  255  255  255  255  255  255  255  255  255    3    3
    3    3  255  255  255  255  255  255  255  255  255  255  255  255
  255  255  255  255    3    3    3    3  255  255  255  255  255  255
  255  255  255  255  255  255  255  255  255  255    3    3    3    3
  255  255  255  255  255  255  255  255  255  255  255  255  255  255
  255  255    3    3    3    3  255  255  255  255  255  255  255  255
  255  255  255  255  255  255  255  255    3    3    3    3  255  255
  255  255  255  255  255  255  255  255  255  255  255  255  255  255
    3    3    3    3  255  255  255  255  255  255  255  255  255  255
  255  255  255  255  255  255    3    3    3    3  255  255  255  255
  255  255  255  255  255  255  255  255  255  255    2  255    3    3
    3    3  255    2  255  255  255  255  255  255  255  255  255  255
  255  255  255    2    2    2    2    2    2  255  255  255  255  255
  255  255  255  255  255  255  255  255  255  255    1    1    1    1
  255  255  255  255  255  255  255  255  255  255  255  255  255  255
  255  255  255    1    1  255  255  255  255  255  255  255  255  255
  255  255  255  255  255  255  255  255  255    1    1  255  255  255
  255  255  255  255  255  255  255  255  255  255  255  255  255  255
  255    1    1  255  255  255  255  255  255  255  255  255

[Palette]
  1 =  DarkBlue
  2 =  MediumBlue
  3 =  LightBlue
